#! FIELDS time x z sigma_x sigma_z height biasf
#! SET multivariate true
1	2.0257	0.6959	0.5000	0.5000	0.0200	-1
2	1.9953	1.7386	0.5000	0.5000	0.0200	-1
3	3.2312	1.9225	0.5000	0.5000	0.0200	-1
4	3.0122	1.8420	0.5000	0.5000	0.0200	-1
5	3.3575	1.9648	0.5000	0.5000	0.0200	-1
6	3.0808	1.9326	0.5000	0.5000	0.0200	-1
7	3.3044	2.0821	0.5000	0.5000	0.0200	-1
8	3.6332	1.9756	0.5000	0.5000	0.0200	-1
9	3.6448	1.9528	0.5000	0.5000	0.0200	-1
10	3.1678	1.9376	0.5000	0.5000	0.0200	-1
11	3.4996	1.9871	0.5000	0.5000	0.0200	-1
12	3.0607	2.0522	0.5000	0.5000	0.0200	-1
13	2.9577	2.0587	0.5000	0.5000	0.0200	-1
14	2.8513	1.9560	0.5000	0.5000	0.0200	-1
15	2.9971	2.0225	0.5000	0.5000	0.0200	-1
16	3.6654	1.9648	0.5000	0.5000	0.0200	-1
17	3.0875	1.9430	0.5000	0.5000	0.0200	-1
18	1.8607	0.6000	0.5000	0.5000	0.0200	-1
19	2.0862	0.1104	0.5000	0.5000	0.0200	-1
20	1.9873	0.4338	0.5000	0.5000	0.0200	-1
21	2.0412	0.4265	0.5000	0.5000	0.0200	-1
22	2.0630	0.3832	0.5000	0.5000	0.0200	-1
23	1.9922	0.5760	0.5000	0.5000	0.0200	-1
24	1.8392	0.0009	0.5000	0.5000	0.0200	-1
25	2.3763	1.5877	0.5000	0.5000	0.0200	-1
26	3.2115	2.1111	0.5000	0.5000	0.0200	-1
27	3.3112	2.2658	0.5000	0.5000	0.0200	-1
28	2.4999	1.6001	0.5000	0.5000	0.0200	-1
29	3.2748	2.0826	0.5000	0.5000	0.0200	-1
30	2.2340	1.3334	0.5000	0.5000	0.0200	-1
31	2.2191	0.9996	0.5000	0.5000	0.0200	-1
32	1.9399	0.6223	0.5000	0.5000	0.0200	-1
33	2.0966	0.1256	0.5000	0.5000	0.0200	-1
34	1.9251	0.0602	0.5000	0.5000	0.0200	-1
35	1.9858	0.0709	0.5000	0.5000	0.0200	-1
36	1.8852	0.4139	0.5000	0.5000	0.0200	-1
37	2.0703	1.4721	0.5000	0.5000	0.0200	-1
38	2.3870	2.4459	0.5000	0.5000	0.0200	-1
39	3.3028	1.9633	0.5000	0.5000	0.0200	-1
40	3.2860	1.9060	0.5000	0.5000	0.0200	-1
41	2.3017	2.4911	0.5000	0.5000	0.0200	-1
42	3.6231	2.0543	0.5000	0.5000	0.0200	-1
43	3.2981	2.0828	0.5000	0.5000	0.0200	-1
44	2.9440	2.0054	0.5000	0.5000	0.0200	-1
45	3.8059	2.0794	0.5000	0.5000	0.0200	-1
46	2.7454	2.1220	0.5000	0.5000	0.0200	-1
47	2.0295	1.3848	0.5000	0.5000	0.0200	-1
48	2.0379	0.6663	0.5000	0.5000	0.0200	-1
49	1.9422	0.5431	0.5000	0.5000	0.0200	-1
50	1.9265	0.1276	0.5000	0.5000	0.0200	-1
51	1.8600	1.1549	0.5000	0.5000	0.0200	-1
52	2.8273	1.9088	0.5000	0.5000	0.0200	-1
53	2.1142	1.8014	0.5000	0.5000	0.0200	-1
54	2.1444	1.4360	0.5000	0.5000	0.0200	-1
55	3.7172	2.1328	0.5000	0.5000	0.0200	-1
56	3.5870	1.9463	0.5000	0.5000	0.0200	-1
57	3.5607	1.9964	0.5000	0.5000	0.0200	-1
58	3.7813	1.7770	0.5000	0.5000	0.0200	-1
59	2.4256	1.3252	0.5000	0.5000	0.0200	-1
60	2.5620	1.3179	0.5000	0.5000	0.0200	-1
61	1.8929	1.8206	0.5000	0.5000	0.0200	-1
62	1.8333	0.5136	0.5000	0.5000	0.0200	-1
63	1.7755	2.1403	0.5000	0.5000	0.0200	-1
64	0.5746	2.0558	0.5000	0.5000	0.0200	-1
65	0.9426	1.7090	0.5000	0.5000	0.0200	-1
66	1.0796	1.9299	0.5000	0.5000	0.0200	-1
67	0.8487	2.0229	0.5000	0.5000	0.0200	-1
68	0.5404	1.9568	0.5000	0.5000	0.0200	-1
69	0.6374	2.0075	0.5000	0.5000	0.0200	-1
70	0.8240	1.9266	0.5000	0.5000	0.0200	-1
71	0.9972	1.8702	0.5000	0.5000	0.0200	-1
72	0.3861	2.0188	0.5000	0.5000	0.0200	-1
73	0.7625	1.8529	0.5000	0.5000	0.0200	-1
74	1.5421	1.5906	0.5000	0.5000	0.0200	-1
75	1.7672	1.2258	0.5000	0.5000	0.0200	-1
76	1.4469	1.4754	0.5000	0.5000	0.0200	-1
77	1.0773	1.9583	0.5000	0.5000	0.0200	-1
78	0.9510	1.8091	0.5000	0.5000	0.0200	-1
79	0.4852	1.9522	0.5000	0.5000	0.0200	-1
80	0.4278	1.9574	0.5000	0.5000	0.0200	-1
81	1.2733	2.0255	0.5000	0.5000	0.0200	-1
82	1.8311	3.5638	0.5000	0.5000	0.0200	-1
83	1.9562	3.5408	0.5000	0.5000	0.0200	-1
84	2.0388	2.7083	0.5000	0.5000	0.0200	-1
85	1.7552	3.2250	0.5000	0.5000	0.0200	-1
86	2.1223	2.9662	0.5000	0.5000	0.0200	-1
87	1.7842	3.2937	0.5000	0.5000	0.0200	-1
88	1.8573	1.4115	0.5000	0.5000	0.0200	-1
89	1.9323	1.4770	0.5000	0.5000	0.0200	-1
90	2.7056	2.0154	0.5000	0.5000	0.0200	-1
91	2.6688	2.1849	0.5000	0.5000	0.0200	-1
92	2.4223	1.2710	0.5000	0.5000	0.0200	-1
93	1.9696	0.5155	0.5000	0.5000	0.0200	-1
94	1.9908	0.1984	0.5000	0.5000	0.0200	-1
95	2.0253	0.0551	0.5000	0.5000	0.0200	-1
96	2.0530	0.7524	0.5000	0.5000	0.0200	-1
97	1.8558	0.3454	0.5000	0.5000	0.0200	-1
98	2.0811	0.6757	0.5000	0.5000	0.0200	-1
99	2.1206	0.1396	0.5000	0.5000	0.0200	-1
100	2.0053	0.1631	0.5000	0.5000	0.0200	-1
101	1.9548	0.0464	0.5000	0.5000	0.0200	-1
102	1.8506	0.3454	0.5000	0.5000	0.0200	-1
103	2.3584	1.6233	0.5000	0.5000	0.0200	-1
104	3.8198	1.9805	0.5000	0.5000	0.0200	-1
105	3.4451	1.7639	0.5000	0.5000	0.0200	-1
106	2.1059	1.0098	0.5000	0.5000	0.0200	-1
107	2.0393	2.3037	0.5000	0.5000	0.0200	-1
108	2.2156	2.3209	0.5000	0.5000	0.0200	-1
109	1.9855	3.5483	0.5000	0.5000	0.0200	-1
110	1.9500	3.5252	0.5000	0.5000	0.0200	-1
111	2.0737	3.5110	0.5000	0.5000	0.0200	-1
112	1.8238	3.2145	0.5000	0.5000	0.0200	-1
113	2.0277	3.5376	0.5000	0.5000	0.0200	-1
114	2.0227	3.3740	0.5000	0.5000	0.0200	-1
115	2.3449	3.0477	0.5000	0.5000	0.0200	-1
116	2.1290	3.3077	0.5000	0.5000	0.0200	-1
117	2.7757	2.1254	0.5000	0.5000	0.0200	-1
118	1.3610	1.4407	0.5000	0.5000	0.0200	-1
119	0.4074	1.8919	0.5000	0.5000	0.0200	-1
120	0.3005	2.1964	0.5000	0.5000	0.0200	-1
121	1.2157	1.6943	0.5000	0.5000	0.0200	-1
122	0.3307	2.0390	0.5000	0.5000	0.0200	-1
123	0.2297	2.0742	0.5000	0.5000	0.0200	-1
124	0.4462	2.0700	0.5000	0.5000	0.0200	-1
125	1.5579	1.6540	0.5000	0.5000	0.0200	-1
126	1.6313	1.2091	0.5000	0.5000	0.0200	-1
127	2.3618	1.5892	0.5000	0.5000	0.0200	-1
128	1.8210	1.7134	0.5000	0.5000	0.0200	-1
129	2.2532	2.2636	0.5000	0.5000	0.0200	-1
130	1.6740	1.6274	0.5000	0.5000	0.0200	-1
131	1.8501	1.7445	0.5000	0.5000	0.0200	-1
132	1.8608	1.1860	0.5000	0.5000	0.0200	-1
133	0.7982	2.0835	0.5000	0.5000	0.0200	-1
134	0.7829	2.0924	0.5000	0.5000	0.0200	-1
135	1.9826	2.7346	0.5000	0.5000	0.0200	-1
136	2.0399	2.3710	0.5000	0.5000	0.0200	-1
137	1.8752	1.7149	0.5000	0.5000	0.0200	-1
138	2.2454	1.2739	0.5000	0.5000	0.0200	-1
139	1.7478	1.5058	0.5000	0.5000	0.0200	-1
140	3.4555	2.0232	0.5000	0.5000	0.0200	-1
141	2.0408	2.5816	0.5000	0.5000	0.0200	-1
142	2.0598	1.8481	0.5000	0.5000	0.0200	-1
143	0.1796	2.0446	0.5000	0.5000	0.0200	-1
144	0.2105	2.0393	0.5000	0.5000	0.0200	-1
145	0.9303	1.9039	0.5000	0.5000	0.0200	-1
146	0.5116	2.1156	0.5000	0.5000	0.0200	-1
147	0.1397	1.9688	0.5000	0.5000	0.0200	-1
148	1.3303	2.7001	0.5000	0.5000	0.0200	-1
149	1.8835	2.3411	0.5000	0.5000	0.0200	-1
150	3.8276	1.7976	0.5000	0.5000	0.0200	-1
