#! FIELDS time x y z sigma_x sigma_y sigma_z height biasf
#! SET multivariate true
1	2.7107	1.9134	2.0396	0.5000	0.5000	0.5000	0.0200	-1
2	0.7852	2.0682	1.5652	0.5000	0.5000	0.5000	0.0200	-1
3	0.4458	1.7496	1.9270	0.5000	0.5000	0.5000	0.0200	-1
4	2.5438	1.3197	2.0279	0.5000	0.5000	0.5000	0.0200	-1
5	2.3086	1.7613	2.2014	0.5000	0.5000	0.5000	0.0200	-1
6	2.3757	2.1039	2.6933	0.5000	0.5000	0.5000	0.0200	-1
7	2.6896	2.2188	2.3738	0.5000	0.5000	0.5000	0.0200	-1
8	1.7885	2.3808	0.6635	0.5000	0.5000	0.5000	0.0200	-1
9	1.9261	2.2243	0.8781	0.5000	0.5000	0.5000	0.0200	-1
10	1.8450	1.8856	0.3809	0.5000	0.5000	0.5000	0.0200	-1
11	1.6845	1.3601	1.4115	0.5000	0.5000	0.5000	0.0200	-1
12	2.2303	2.1025	1.0004	0.5000	0.5000	0.5000	0.0200	-1
13	1.4910	2.4371	1.6809	0.5000	0.5000	0.5000	0.0200	-1
14	0.7079	2.0203	1.8726	0.5000	0.5000	0.5000	0.0200	-1
15	2.0504	1.7723	3.2063	0.5000	0.5000	0.5000	0.0200	-1
16	1.8087	1.7758	2.9324	0.5000	0.5000	0.5000	0.0200	-1
17	1.1002	1.9394	2.1101	0.5000	0.5000	0.5000	0.0200	-1
18	1.7799	1.6844	1.4380	0.5000	0.5000	0.5000	0.0200	-1
19	0.3078	1.8538	1.9579	0.5000	0.5000	0.5000	0.0200	-1
20	0.2368	1.8660	2.2913	0.5000	0.5000	0.5000	0.0200	-1
21	1.3588	1.3685	1.9531	0.5000	0.5000	0.5000	0.0200	-1
22	2.3625	1.2477	2.4300	0.5000	0.5000	0.5000	0.0200	-1
23	2.4702	1.9295	2.0558	0.5000	0.5000	0.5000	0.0200	-1
24	3.1328	2.0252	2.0531	0.5000	0.5000	0.5000	0.0200	-1
25	3.1217	2.1412	2.0578	0.5000	0.5000	0.5000	0.0200	-1
26	3.8111	1.9736	1.8101	0.5000	0.5000	0.5000	0.0200	-1
27	3.2778	2.2534	1.8085	0.5000	0.5000	0.5000	0.0200	-1
28	2.7818	1.8704	1.7496	0.5000	0.5000	0.5000	0.0200	-1
29	2.1128	2.0537	1.3522	0.5000	0.5000	0.5000	0.0200	-1
30	0.7640	2.1765	2.1709	0.5000	0.5000	0.5000	0.0200	-1
31	0.9813	2.1328	1.5574	0.5000	0.5000	0.5000	0.0200	-1
32	1.5403	2.7916	1.8075	0.5000	0.5000	0.5000	0.0200	-1
33	1.3275	2.3761	1.7014	0.5000	0.5000	0.5000	0.0200	-1
34	2.3475	1.9192	2.2159	0.5000	0.5000	0.5000	0.0200	-1
35	1.3964	1.3830	1.5941	0.5000	0.5000	0.5000	0.0200	-1
36	1.9971	2.3215	2.4377	0.5000	0.5000	0.5000	0.0200	-1
37	2.2934	1.7691	2.5936	0.5000	0.5000	0.5000	0.0200	-1
38	2.0530	2.2500	1.1758	0.5000	0.5000	0.5000	0.0200	-1
39	1.8771	1.4662	1.1457	0.5000	0.5000	0.5000	0.0200	-1
40	1.4557	2.3311	1.4790	0.5000	0.5000	0.5000	0.0200	-1
41	2.2080	2.5986	1.2917	0.5000	0.5000	0.5000	0.0200	-1
42	3.1090	1.9201	2.2117	0.5000	0.5000	0.5000	0.0200	-1
43	1.8757	1.7538	0.4774	0.5000	0.5000	0.5000	0.0200	-1
44	1.3719	1.5600	1.4842	0.5000	0.5000	0.5000	0.0200	-1
45	3.1557	2.0222	2.0260	0.5000	0.5000	0.5000	0.0200	-1
46	3.8180	1.9002	1.9401	0.5000	0.5000	0.5000	0.0200	-1
47	3.0147	1.8893	2.1255	0.5000	0.5000	0.5000	0.0200	-1
48	3.6738	1.9682	2.0671	0.5000	0.5000	0.5000	0.0200	-1
49	2.6223	2.5080	2.2354	0.5000	0.5000	0.5000	0.0200	-1
50	1.7739	2.2451	0.3516	0.5000	0.5000	0.5000	0.0200	-1
51	1.7848	1.9717	0.7578	0.5000	0.5000	0.5000	0.0200	-1
52	2.2145	2.2304	0.7232	0.5000	0.5000	0.5000	0.0200	-1
53	1.9436	2.0767	0.3743	0.5000	0.5000	0.5000	0.0200	-1
54	2.5602	1.9595	0.9544	0.5000	0.5000	0.5000	0.0200	-1
55	2.0466	1.9821	3.5829	0.5000	0.5000	0.5000	0.0200	-1
56	1.7133	2.4440	2.6004	0.5000	0.5000	0.5000	0.0200	-1
57	1.8299	1.3253	1.4158	0.5000	0.5000	0.5000	0.0200	-1
58	1.7090	2.0147	2.1480	0.5000	0.5000	0.5000	0.0200	-1
59	2.1264	2.1692	3.4965	0.5000	0.5000	0.5000	0.0200	-1
60	2.9663	1.8765	1.5265	0.5000	0.5000	0.5000	0.0200	-1
61	1.7810	1.6965	0.6725	0.5000	0.5000	0.5000	0.0200	-1
62	2.1896	2.3773	1.9534	0.5000	0.5000	0.5000	0.0200	-1
63	2.3324	2.0159	1.7691	0.5000	0.5000	0.5000	0.0200	-1
64	2.1498	1.9268	0.0678	0.5000	0.5000	0.5000	0.0200	-1
65	2.6256	1.6278	1.1354	0.5000	0.5000	0.5000	0.0200	-1
66	2.4093	1.9851	2.4406	0.5000	0.5000	0.5000	0.0200	-1
67	2.0052	1.0500	1.9018	0.5000	0.5000	0.5000	0.0200	-1
68	1.7538	2.4653	1.1345	0.5000	0.5000	0.5000	0.0200	-1
69	1.8735	2.2974	1.4448	0.5000	0.5000	0.5000	0.0200	-1
70	1.5842	2.6208	2.5116	0.5000	0.5000	0.5000	0.0200	-1
71	1.8966	2.1653	3.6459	0.5000	0.5000	0.5000	0.0200	-1
72	1.2229	1.2581	1.5953	0.5000	0.5000	0.5000	0.0200	-1
73	2.9601	1.9502	1.9517	0.5000	0.5000	0.5000	0.0200	-1
74	2.6616	2.1966	1.7920	0.5000	0.5000	0.5000	0.0200	-1
75	1.8880	1.8124	0.3411	0.5000	0.5000	0.5000	0.0200	-1
76	1.1371	1.7235	2.0482	0.5000	0.5000	0.5000	0.0200	-1
77	1.9959	2.4325	1.6533	0.5000	0.5000	0.5000	0.0200	-1
78	2.0597	1.9611	3.6300	0.5000	0.5000	0.5000	0.0200	-1
79	2.2624	1.8826	3.7718	0.5000	0.5000	0.5000	0.0200	-1
80	2.7148	1.7784	1.8489	0.5000	0.5000	0.5000	0.0200	-1
81	0.1628	1.8274	1.8151	0.5000	0.5000	0.5000	0.0200	-1
82	0.2231	2.2767	1.9136	0.5000	0.5000	0.5000	0.0200	-1
83	1.6037	1.9705	1.0832	0.5000	0.5000	0.5000	0.0200	-1
84	1.5575	1.3153	1.4052	0.5000	0.5000	0.5000	0.0200	-1
85	1.8442	1.2540	2.1341	0.5000	0.5000	0.5000	0.0200	-1
86	0.9683	2.0002	2.3440	0.5000	0.5000	0.5000	0.0200	-1
87	1.3839	1.9610	1.6592	0.5000	0.5000	0.5000	0.0200	-1
88	2.1274	2.0034	3.4404	0.5000	0.5000	0.5000	0.0200	-1
89	1.9141	2.3306	3.1186	0.5000	0.5000	0.5000	0.0200	-1
90	2.2021	2.2736	3.2027	0.5000	0.5000	0.5000	0.0200	-1
91	1.9020	3.2666	1.6611	0.5000	0.5000	0.5000	0.0200	-1
92	2.1498	2.4067	2.2815	0.5000	0.5000	0.5000	0.0200	-1
93	1.6130	1.8972	0.6059	0.5000	0.5000	0.5000	0.0200	-1
94	1.9526	1.4216	1.1830	0.5000	0.5000	0.5000	0.0200	-1
95	1.8924	1.8319	0.6945	0.5000	0.5000	0.5000	0.0200	-1
96	1.6205	1.6609	0.8683	0.5000	0.5000	0.5000	0.0200	-1
97	1.8491	1.7558	-0.0664	0.5000	0.5000	0.5000	0.0200	-1
98	2.5473	1.9996	1.4575	0.5000	0.5000	0.5000	0.0200	-1
99	2.8859	1.6053	1.7224	0.5000	0.5000	0.5000	0.0200	-1
100	2.1999	3.0332	2.2944	0.5000	0.5000	0.5000	0.0200	-1
