#! FIELDS time x z sigma_x sigma_z height biasf
#! SET multivariate true
1	1.8583	3.5727	0.5000	0.5000	0.0200	-1
2	2.0051	3.5327	0.5000	0.5000	0.0200	-1
3	1.8850	3.7343	0.5000	0.5000	0.0200	-1
4	2.0000	3.5897	0.5000	0.5000	0.0200	-1
5	1.9412	3.4917	0.5000	0.5000	0.0200	-1
6	1.8763	3.6182	0.5000	0.5000	0.0200	-1
7	1.9911	3.7603	0.5000	0.5000	0.0200	-1
8	1.8378	3.6447	0.5000	0.5000	0.0200	-1
9	1.8791	3.4263	0.5000	0.5000	0.0200	-1
10	1.9613	3.7016	0.5000	0.5000	0.0200	-1
11	2.0113	3.4118	0.5000	0.5000	0.0200	-1
12	1.9131	3.6049	0.5000	0.5000	0.0200	-1
13	1.8842	3.5579	0.5000	0.5000	0.0200	-1
14	1.8780	3.1079	0.5000	0.5000	0.0200	-1
15	1.9470	3.6727	0.5000	0.5000	0.0200	-1
16	1.9758	3.6614	0.5000	0.5000	0.0200	-1
17	1.9115	3.6401	0.5000	0.5000	0.0200	-1
18	2.0033	2.8151	0.5000	0.5000	0.0200	-1
19	3.3104	2.0526	0.5000	0.5000	0.0200	-1
20	3.2412	1.9342	0.5000	0.5000	0.0200	-1
21	3.3391	1.9639	0.5000	0.5000	0.0200	-1
22	3.0572	1.8630	0.5000	0.5000	0.0200	-1
23	3.0183	1.9952	0.5000	0.5000	0.0200	-1
24	3.1883	1.8927	0.5000	0.5000	0.0200	-1
25	3.4456	1.8923	0.5000	0.5000	0.0200	-1
26	3.5212	1.9118	0.5000	0.5000	0.0200	-1
27	3.1286	1.9390	0.5000	0.5000	0.0200	-1
28	2.9251	1.7603	0.5000	0.5000	0.0200	-1
29	3.1930	1.9499	0.5000	0.5000	0.0200	-1
30	3.3970	2.0057	0.5000	0.5000	0.0200	-1
31	3.1201	1.8914	0.5000	0.5000	0.0200	-1
32	3.1199	1.9875	0.5000	0.5000	0.0200	-1
33	3.3674	1.9694	0.5000	0.5000	0.0200	-1
34	2.2428	1.4136	0.5000	0.5000	0.0200	-1
35	1.9338	0.6176	0.5000	0.5000	0.0200	-1
36	1.9421	0.5947	0.5000	0.5000	0.0200	-1
37	1.9133	0.6299	0.5000	0.5000	0.0200	-1
38	1.9898	1.0559	0.5000	0.5000	0.0200	-1
39	1.9996	0.5641	0.5000	0.5000	0.0200	-1
40	2.1042	0.5633	0.5000	0.5000	0.0200	-1
41	1.9236	0.5888	0.5000	0.5000	0.0200	-1
42	2.0035	0.5713	0.5000	0.5000	0.0200	-1
43	1.9626	0.3850	0.5000	0.5000	0.0200	-1
44	1.9045	1.3210	0.5000	0.5000	0.0200	-1
45	1.9538	1.0750	0.5000	0.5000	0.0200	-1
46	1.7276	1.5135	0.5000	0.5000	0.0200	-1
47	1.9871	1.0178	0.5000	0.5000	0.0200	-1
48	1.9662	1.1268	0.5000	0.5000	0.0200	-1
49	1.7470	1.3739	0.5000	0.5000	0.0200	-1
50	2.0151	1.1556	0.5000	0.5000	0.0200	-1
51	1.9323	1.2288	0.5000	0.5000	0.0200	-1
52	1.3570	1.7165	0.5000	0.5000	0.0200	-1
53	0.6606	1.8908	0.5000	0.5000	0.0200	-1
54	0.5961	2.0010	0.5000	0.5000	0.0200	-1
55	0.6589	2.0175	0.5000	0.5000	0.0200	-1
56	0.4328	1.9364	0.5000	0.5000	0.0200	-1
57	0.6120	2.0124	0.5000	0.5000	0.0200	-1
58	0.9590	1.7220	0.5000	0.5000	0.0200	-1
59	0.6985	2.0034	0.5000	0.5000	0.0200	-1
60	0.4838	2.0154	0.5000	0.5000	0.0200	-1
61	0.5453	1.9591	0.5000	0.5000	0.0200	-1
62	0.5710	1.8894	0.5000	0.5000	0.0200	-1
63	0.5778	1.9279	0.5000	0.5000	0.0200	-1
64	0.6478	1.9506	0.5000	0.5000	0.0200	-1
65	0.5891	1.8677	0.5000	0.5000	0.0200	-1
66	0.8920	1.9612	0.5000	0.5000	0.0200	-1
67	0.9188	1.9642	0.5000	0.5000	0.0200	-1
68	1.0874	1.9966	0.5000	0.5000	0.0200	-1
69	0.4030	2.0024	0.5000	0.5000	0.0200	-1
70	0.4775	1.9257	0.5000	0.5000	0.0200	-1
71	0.2164	1.9610	0.5000	0.5000	0.0200	-1
72	0.6584	1.9824	0.5000	0.5000	0.0200	-1
73	0.3157	1.9197	0.5000	0.5000	0.0200	-1
74	0.3250	1.9590	0.5000	0.5000	0.0200	-1
75	1.6138	1.5860	0.5000	0.5000	0.0200	-1
76	1.9934	1.3751	0.5000	0.5000	0.0200	-1
77	1.9796	0.2253	0.5000	0.5000	0.0200	-1
78	2.0643	0.3868	0.5000	0.5000	0.0200	-1
79	1.9455	0.3612	0.5000	0.5000	0.0200	-1
80	1.9099	0.2937	0.5000	0.5000	0.0200	-1
81	1.9933	0.2365	0.5000	0.5000	0.0200	-1
82	2.1242	0.3715	0.5000	0.5000	0.0200	-1
83	1.9309	0.7467	0.5000	0.5000	0.0200	-1
84	1.9013	0.2749	0.5000	0.5000	0.0200	-1
85	1.9933	0.0999	0.5000	0.5000	0.0200	-1
86	1.5259	1.7140	0.5000	0.5000	0.0200	-1
87	1.3068	1.8993	0.5000	0.5000	0.0200	-1
88	1.4765	1.7110	0.5000	0.5000	0.0200	-1
89	1.5456	2.0069	0.5000	0.5000	0.0200	-1
90	3.1002	2.0320	0.5000	0.5000	0.0200	-1
91	3.3126	1.9628	0.5000	0.5000	0.0200	-1
92	3.3340	2.0150	0.5000	0.5000	0.0200	-1
93	3.1542	1.8906	0.5000	0.5000	0.0200	-1
94	2.7393	1.8367	0.5000	0.5000	0.0200	-1
95	2.6370	1.6933	0.5000	0.5000	0.0200	-1
96	2.9011	1.7779	0.5000	0.5000	0.0200	-1
97	2.6598	1.7232	0.5000	0.5000	0.0200	-1
98	2.5859	2.0708	0.5000	0.5000	0.0200	-1
99	2.4765	2.0752	0.5000	0.5000	0.0200	-1
100	3.6641	2.0068	0.5000	0.5000	0.0200	-1
