   1.85833   2.08822   3.57266   0.02000   0.50000
   2.00505   2.02461   3.53268   0.02000   0.50000
   1.88500   2.04586   3.73431   0.02000   0.50000
   1.99996   2.12825   3.58966   0.02000   0.50000
   1.94121   2.11454   3.49169   0.02000   0.50000
   1.87627   2.04546   3.61823   0.02000   0.50000
   1.99107   2.04718   3.76031   0.02000   0.50000
   1.83779   2.11933   3.64469   0.02000   0.50000
   1.87912   2.07821   3.42633   0.02000   0.50000
   1.96132   2.04558   3.70157   0.02000   0.50000
   2.01131   2.06573   3.41183   0.02000   0.50000
   1.91307   2.08231   3.60491   0.02000   0.50000
   1.88419   2.04365   3.55790   0.02000   0.50000
   1.87801   2.08107   3.10789   0.02000   0.50000
   1.94700   2.04422   3.67266   0.02000   0.50000
   1.97576   2.03958   3.66135   0.02000   0.50000
   1.91150   2.05261   3.64005   0.02000   0.50000
   2.00329   2.14817   2.81514   0.02000   0.50000
   3.31038   2.05605   2.05256   0.02000   0.50000
   3.24118   2.04107   1.93417   0.02000   0.50000
   3.33908   1.98390   1.96393   0.02000   0.50000
   3.05719   2.03801   1.86298   0.02000   0.50000
   3.01829   1.99419   1.99522   0.02000   0.50000
   3.18828   2.01202   1.89269   0.02000   0.50000
   3.44564   2.07506   1.89234   0.02000   0.50000
   3.52121   2.02134   1.91183   0.02000   0.50000
   3.12865   2.13989   1.93903   0.02000   0.50000
   2.92508   2.09860   1.76028   0.02000   0.50000
   3.19302   2.07189   1.94989   0.02000   0.50000
   3.39698   2.15893   2.00573   0.02000   0.50000
   3.12007   2.15155   1.89135   0.02000   0.50000
   3.11995   1.88902   1.98753   0.02000   0.50000
   3.36745   2.05713   1.96941   0.02000   0.50000
   2.24284   1.85451   1.41357   0.02000   0.50000
   1.93382   2.06449   0.61757   0.02000   0.50000
   1.94213   1.99867   0.59468   0.02000   0.50000
   1.91333   2.04471   0.62985   0.02000   0.50000
   1.98980   2.49255   1.05589   0.02000   0.50000
   1.99960   2.01477   0.56405   0.02000   0.50000
   2.10424   2.00127   0.56327   0.02000   0.50000
   1.92357   2.04533   0.58882   0.02000   0.50000
   2.00346   2.07522   0.57130   0.02000   0.50000
   1.96264   1.99996   0.38498   0.02000   0.50000
   1.90452   2.75668   1.32101   0.02000   0.50000
   1.95378   2.51509   1.07499   0.02000   0.50000
   1.72762   2.80783   1.51350   0.02000   0.50000
   1.98709   2.37930   1.01783   0.02000   0.50000
   1.96624   2.06324   1.12678   0.02000   0.50000
   1.74696   1.44585   1.37393   0.02000   0.50000
   2.01510   1.40214   1.15560   0.02000   0.50000
   1.93232   1.41238   1.22877   0.02000   0.50000
   1.35699   1.52346   1.71648   0.02000   0.50000
   0.66065   2.06843   1.89081   0.02000   0.50000
   0.59614   2.04152   2.00102   0.02000   0.50000
   0.65887   2.09963   2.01750   0.02000   0.50000
   0.43281   2.01526   1.93637   0.02000   0.50000
   0.61198   2.00120   2.01239   0.02000   0.50000
   0.95899   1.96843   1.72196   0.02000   0.50000
   0.69845   1.96020   2.00336   0.02000   0.50000
   0.48379   2.07156   2.01543   0.02000   0.50000
   0.54527   2.09514   1.95914   0.02000   0.50000
   0.57099   2.00874   1.88937   0.02000   0.50000
   0.57785   2.10292   1.92792   0.02000   0.50000
   0.64775   2.01722   1.95059   0.02000   0.50000
   0.58914   2.04583   1.86772   0.02000   0.50000
   0.89198   2.30022   1.96117   0.02000   0.50000
   0.91877   2.45909   1.96417   0.02000   0.50000
   1.08739   2.45105   1.99655   0.02000   0.50000
   0.40296   2.04882   2.00237   0.02000   0.50000
   0.47751   2.06421   1.92566   0.02000   0.50000
   0.21637   1.99904   1.96097   0.02000   0.50000
   0.65844   2.01130   1.98240   0.02000   0.50000
   0.31568   2.09716   1.91971   0.02000   0.50000
   0.32503   2.07895   1.95898   0.02000   0.50000
   1.61376   1.50930   1.58604   0.02000   0.50000
   1.99338   1.43553   1.37511   0.02000   0.50000
   1.97961   2.07006   0.22527   0.02000   0.50000
   2.06434   2.16375   0.38682   0.02000   0.50000
   1.94549   2.04806   0.36120   0.02000   0.50000
   1.90994   2.01153   0.29368   0.02000   0.50000
   1.99331   1.99293   0.23654   0.02000   0.50000
   2.12422   1.99950   0.37152   0.02000   0.50000
   1.93095   2.01724   0.74667   0.02000   0.50000
   1.90128   1.89418   0.27491   0.02000   0.50000
   1.99328   2.01601   0.09988   0.02000   0.50000
   1.52592   1.12575   1.71404   0.02000   0.50000
   1.30677   1.23183   1.89933   0.02000   0.50000
   1.47652   1.20368   1.71104   0.02000   0.50000
   1.54561   1.11471   2.00692   0.02000   0.50000
   3.10016   2.08533   2.03199   0.02000   0.50000
   3.31263   2.03760   1.96277   0.02000   0.50000
   3.33405   2.01806   2.01503   0.02000   0.50000
   3.15419   2.08561   1.89065   0.02000   0.50000
   2.73929   1.96277   1.83668   0.02000   0.50000
   2.63695   1.91395   1.69328   0.02000   0.50000
   2.90111   2.09767   1.77793   0.02000   0.50000
   2.65979   1.92998   1.72321   0.02000   0.50000
   2.58588   2.46772   2.07082   0.02000   0.50000
   2.47646   2.45332   2.07520   0.02000   0.50000
   3.66415   2.11325   2.00682   0.02000   0.50000
