   3.02697   2.03707   1.93450   0.02000   0.50000
   2.23322   2.44762   2.66593   0.02000   0.50000
   2.61628   2.52215   1.83926   0.02000   0.50000
   1.02781   1.77936   2.15842   0.02000   0.50000
   2.10280   1.64292   1.34567   0.02000   0.50000
   0.90105   1.52846   1.51274   0.02000   0.50000
   3.03681   1.67100   1.73199   0.02000   0.50000
   0.55692   1.90316   2.25274   0.02000   0.50000
   2.37672   2.25060   2.27028   0.02000   0.50000
   2.10532   2.64398   1.23112   0.02000   0.50000
   1.89790   1.67400   2.57190   0.02000   0.50000
   1.48595   2.46308   2.03334   0.02000   0.50000
   2.38205   1.11949   2.20199   0.02000   0.50000
   0.94786   1.92693   1.82088   0.02000   0.50000
   1.74714   2.21583   2.10278   0.02000   0.50000
   2.65477   2.27344   1.82903   0.02000   0.50000
   2.19031   1.72822   1.58776   0.02000   0.50000
   2.41237   1.67408   1.84539   0.02000   0.50000
   2.06328   2.14682   0.03660   0.02000   0.50000
   3.09684   1.63216   1.81356   0.02000   0.50000
   1.36342   1.89972   1.46961   0.02000   0.50000
   2.03283   2.04972   0.98455   0.02000   0.50000
   3.03787   1.81038   1.88945   0.02000   0.50000
   2.66752   1.50046   1.77763   0.02000   0.50000
   2.08911   1.50684   1.06985   0.02000   0.50000
   2.05282   2.09603   2.88686   0.02000   0.50000
   1.21747   2.15143   1.22666   0.02000   0.50000
   1.88104   2.11349   0.40078   0.02000   0.50000
   1.36883   2.06540   2.54960   0.02000   0.50000
   1.58342   2.59529   1.77600   0.02000   0.50000
   1.96990   1.24507   2.65422   0.02000   0.50000
   1.41099   1.38012   1.84430   0.02000   0.50000
   1.69004   1.44965   0.45964   0.02000   0.50000
   1.91914   2.47306   1.32830   0.02000   0.50000
   0.69321   2.26930   2.04114   0.02000   0.50000
  -0.05173   1.86449   2.53061   0.02000   0.50000
   0.52883   1.97388   1.77946   0.02000   0.50000
   2.31086   0.61415   1.49260   0.02000   0.50000
   1.89560   2.09640   0.75158   0.02000   0.50000
   2.09548   2.05594   3.08072   0.02000   0.50000
   1.93091   1.58147   0.82424   0.02000   0.50000
   2.13561   2.01747   2.80120   0.02000   0.50000
   1.79538   1.79063   3.37179   0.02000   0.50000
   1.05295   2.07450   2.28815   0.02000   0.50000
   0.84852   1.97558   2.08324   0.02000   0.50000
   1.24286   1.82959   2.02124   0.02000   0.50000
   2.51401   2.64963   2.03302   0.02000   0.50000
   1.82161   3.27988   1.63873   0.02000   0.50000
   2.56148   2.14577   1.72842   0.02000   0.50000
   3.05678   2.19215   2.11050   0.02000   0.50000
   2.72690   2.37058   1.73920   0.02000   0.50000
   2.50570   1.55369   2.49612   0.02000   0.50000
   2.56493   1.95013   2.79145   0.02000   0.50000
   2.26597   0.99111   2.27666   0.02000   0.50000
   2.74016   1.88365   2.25440   0.02000   0.50000
   1.71402   2.02147   1.08869   0.02000   0.50000
   1.56428   2.46507   1.33040   0.02000   0.50000
   1.84874   1.05499   1.93500   0.02000   0.50000
   2.40380   1.96308   1.07049   0.02000   0.50000
   1.64734   1.70155   2.00930   0.02000   0.50000
   3.09450   1.45649   2.27071   0.02000   0.50000
   2.40941   2.43604   1.99514   0.02000   0.50000
   2.21327   2.86314   1.87711   0.02000   0.50000
   1.81476   1.50823   1.27397   0.02000   0.50000
   2.22785   2.08103   1.53070   0.02000   0.50000
   1.70790   1.77714   1.57407   0.02000   0.50000
   3.00966   2.15028   1.97690   0.02000   0.50000
   1.91786   2.24999   0.62759   0.02000   0.50000
   0.83537   2.19296   1.58056   0.02000   0.50000
   1.36616   2.02857   1.24309   0.02000   0.50000
   2.14697   2.17093   0.25889   0.02000   0.50000
   2.04202   2.21151   0.19614   0.02000   0.50000
   2.69636   1.63006   1.68892   0.02000   0.50000
   1.34398   1.60860   1.55133   0.02000   0.50000
   1.69198   1.99217   0.75591   0.02000   0.50000
   2.96613   2.47281   1.63257   0.02000   0.50000
   1.55294   2.50582   1.94669   0.02000   0.50000
   1.65314   2.19786   2.47322   0.02000   0.50000
   2.06106   2.08946   3.56655   0.02000   0.50000
   1.90398   2.11029   1.98985   0.02000   0.50000
   1.52372   1.79074   0.35415   0.02000   0.50000
   2.37878   1.12216   2.39207   0.02000   0.50000
   2.14106   1.37653   0.85173   0.02000   0.50000
   1.82863   1.91670   0.55350   0.02000   0.50000
   2.58279   2.40145   1.29762   0.02000   0.50000
   2.19497   2.54966   0.84451   0.02000   0.50000
   1.54447   1.52796   2.67330   0.02000   0.50000
   3.35490   1.79851   2.38912   0.02000   0.50000
   2.96778   1.56700   2.01004   0.02000   0.50000
   2.01542   3.01641   2.16463   0.02000   0.50000
   3.12516   1.84361   1.85324   0.02000   0.50000
   2.81642   1.22767   2.19464   0.02000   0.50000
   3.15049   1.58697   2.37668   0.02000   0.50000
   2.52679   2.83241   1.98590   0.02000   0.50000
   1.89662   1.66607   2.49102   0.02000   0.50000
   2.19818   2.00955   2.41306   0.02000   0.50000
   2.50748   1.84909   2.90230   0.02000   0.50000
   2.24602   1.91028   3.78122   0.02000   0.50000
   1.92601   1.84122   3.40993   0.02000   0.50000
   1.83255   2.08768   3.18940   0.02000   0.50000
