#! FIELDS time x y z sigma_x sigma_y sigma_z height biasf
#! SET multivariate true
1	3.0270	2.0371	1.9345	0.5000	0.5000	0.5000	0.0200	-1
2	2.2332	2.4476	2.6659	0.5000	0.5000	0.5000	0.0200	-1
3	2.6163	2.5221	1.8393	0.5000	0.5000	0.5000	0.0200	-1
4	1.0278	1.7794	2.1584	0.5000	0.5000	0.5000	0.0200	-1
5	2.1028	1.6429	1.3457	0.5000	0.5000	0.5000	0.0200	-1
6	0.9011	1.5285	1.5127	0.5000	0.5000	0.5000	0.0200	-1
7	3.0368	1.6710	1.7320	0.5000	0.5000	0.5000	0.0200	-1
8	0.5569	1.9032	2.2527	0.5000	0.5000	0.5000	0.0200	-1
9	2.3767	2.2506	2.2703	0.5000	0.5000	0.5000	0.0200	-1
10	2.1053	2.6440	1.2311	0.5000	0.5000	0.5000	0.0200	-1
11	1.8979	1.6740	2.5719	0.5000	0.5000	0.5000	0.0200	-1
12	1.4860	2.4631	2.0333	0.5000	0.5000	0.5000	0.0200	-1
13	2.3821	1.1195	2.2020	0.5000	0.5000	0.5000	0.0200	-1
14	0.9479	1.9269	1.8209	0.5000	0.5000	0.5000	0.0200	-1
15	1.7471	2.2158	2.1028	0.5000	0.5000	0.5000	0.0200	-1
16	2.6548	2.2734	1.8290	0.5000	0.5000	0.5000	0.0200	-1
17	2.1903	1.7282	1.5878	0.5000	0.5000	0.5000	0.0200	-1
18	2.4124	1.6741	1.8454	0.5000	0.5000	0.5000	0.0200	-1
19	2.0633	2.1468	0.0366	0.5000	0.5000	0.5000	0.0200	-1
20	3.0968	1.6322	1.8136	0.5000	0.5000	0.5000	0.0200	-1
21	1.3634	1.8997	1.4696	0.5000	0.5000	0.5000	0.0200	-1
22	2.0328	2.0497	0.9846	0.5000	0.5000	0.5000	0.0200	-1
23	3.0379	1.8104	1.8895	0.5000	0.5000	0.5000	0.0200	-1
24	2.6675	1.5005	1.7776	0.5000	0.5000	0.5000	0.0200	-1
25	2.0891	1.5068	1.0698	0.5000	0.5000	0.5000	0.0200	-1
26	2.0528	2.0960	2.8869	0.5000	0.5000	0.5000	0.0200	-1
27	1.2175	2.1514	1.2267	0.5000	0.5000	0.5000	0.0200	-1
28	1.8810	2.1135	0.4008	0.5000	0.5000	0.5000	0.0200	-1
29	1.3688	2.0654	2.5496	0.5000	0.5000	0.5000	0.0200	-1
30	1.5834	2.5953	1.7760	0.5000	0.5000	0.5000	0.0200	-1
31	1.9699	1.2451	2.6542	0.5000	0.5000	0.5000	0.0200	-1
32	1.4110	1.3801	1.8443	0.5000	0.5000	0.5000	0.0200	-1
33	1.6900	1.4497	0.4596	0.5000	0.5000	0.5000	0.0200	-1
34	1.9191	2.4731	1.3283	0.5000	0.5000	0.5000	0.0200	-1
35	0.6932	2.2693	2.0411	0.5000	0.5000	0.5000	0.0200	-1
36	-0.0517	1.8645	2.5306	0.5000	0.5000	0.5000	0.0200	-1
37	0.5288	1.9739	1.7795	0.5000	0.5000	0.5000	0.0200	-1
38	2.3109	0.6141	1.4926	0.5000	0.5000	0.5000	0.0200	-1
39	1.8956	2.0964	0.7516	0.5000	0.5000	0.5000	0.0200	-1
40	2.0955	2.0559	3.0807	0.5000	0.5000	0.5000	0.0200	-1
41	1.9309	1.5815	0.8242	0.5000	0.5000	0.5000	0.0200	-1
42	2.1356	2.0175	2.8012	0.5000	0.5000	0.5000	0.0200	-1
43	1.7954	1.7906	3.3718	0.5000	0.5000	0.5000	0.0200	-1
44	1.0530	2.0745	2.2881	0.5000	0.5000	0.5000	0.0200	-1
45	0.8485	1.9756	2.0832	0.5000	0.5000	0.5000	0.0200	-1
46	1.2429	1.8296	2.0212	0.5000	0.5000	0.5000	0.0200	-1
47	2.5140	2.6496	2.0330	0.5000	0.5000	0.5000	0.0200	-1
48	1.8216	3.2799	1.6387	0.5000	0.5000	0.5000	0.0200	-1
49	2.5615	2.1458	1.7284	0.5000	0.5000	0.5000	0.0200	-1
50	3.0568	2.1921	2.1105	0.5000	0.5000	0.5000	0.0200	-1
51	2.7269	2.3706	1.7392	0.5000	0.5000	0.5000	0.0200	-1
52	2.5057	1.5537	2.4961	0.5000	0.5000	0.5000	0.0200	-1
53	2.5649	1.9501	2.7915	0.5000	0.5000	0.5000	0.0200	-1
54	2.2660	0.9911	2.2767	0.5000	0.5000	0.5000	0.0200	-1
55	2.7402	1.8837	2.2544	0.5000	0.5000	0.5000	0.0200	-1
56	1.7140	2.0215	1.0887	0.5000	0.5000	0.5000	0.0200	-1
57	1.5643	2.4651	1.3304	0.5000	0.5000	0.5000	0.0200	-1
58	1.8487	1.0550	1.9350	0.5000	0.5000	0.5000	0.0200	-1
59	2.4038	1.9631	1.0705	0.5000	0.5000	0.5000	0.0200	-1
60	1.6473	1.7015	2.0093	0.5000	0.5000	0.5000	0.0200	-1
61	3.0945	1.4565	2.2707	0.5000	0.5000	0.5000	0.0200	-1
62	2.4094	2.4360	1.9951	0.5000	0.5000	0.5000	0.0200	-1
63	2.2133	2.8631	1.8771	0.5000	0.5000	0.5000	0.0200	-1
64	1.8148	1.5082	1.2740	0.5000	0.5000	0.5000	0.0200	-1
65	2.2279	2.0810	1.5307	0.5000	0.5000	0.5000	0.0200	-1
66	1.7079	1.7771	1.5741	0.5000	0.5000	0.5000	0.0200	-1
67	3.0097	2.1503	1.9769	0.5000	0.5000	0.5000	0.0200	-1
68	1.9179	2.2500	0.6276	0.5000	0.5000	0.5000	0.0200	-1
69	0.8354	2.1930	1.5806	0.5000	0.5000	0.5000	0.0200	-1
70	1.3662	2.0286	1.2431	0.5000	0.5000	0.5000	0.0200	-1
71	2.1470	2.1709	0.2589	0.5000	0.5000	0.5000	0.0200	-1
72	2.0420	2.2115	0.1961	0.5000	0.5000	0.5000	0.0200	-1
73	2.6964	1.6301	1.6889	0.5000	0.5000	0.5000	0.0200	-1
74	1.3440	1.6086	1.5513	0.5000	0.5000	0.5000	0.0200	-1
75	1.6920	1.9922	0.7559	0.5000	0.5000	0.5000	0.0200	-1
76	2.9661	2.4728	1.6326	0.5000	0.5000	0.5000	0.0200	-1
77	1.5529	2.5058	1.9467	0.5000	0.5000	0.5000	0.0200	-1
78	1.6531	2.1979	2.4732	0.5000	0.5000	0.5000	0.0200	-1
79	2.0611	2.0895	3.5665	0.5000	0.5000	0.5000	0.0200	-1
80	1.9040	2.1103	1.9898	0.5000	0.5000	0.5000	0.0200	-1
81	1.5237	1.7907	0.3542	0.5000	0.5000	0.5000	0.0200	-1
82	2.3788	1.1222	2.3921	0.5000	0.5000	0.5000	0.0200	-1
83	2.1411	1.3765	0.8517	0.5000	0.5000	0.5000	0.0200	-1
84	1.8286	1.9167	0.5535	0.5000	0.5000	0.5000	0.0200	-1
85	2.5828	2.4015	1.2976	0.5000	0.5000	0.5000	0.0200	-1
86	2.1950	2.5497	0.8445	0.5000	0.5000	0.5000	0.0200	-1
87	1.5445	1.5280	2.6733	0.5000	0.5000	0.5000	0.0200	-1
88	3.3549	1.7985	2.3891	0.5000	0.5000	0.5000	0.0200	-1
89	2.9678	1.5670	2.0100	0.5000	0.5000	0.5000	0.0200	-1
90	2.0154	3.0164	2.1646	0.5000	0.5000	0.5000	0.0200	-1
91	3.1252	1.8436	1.8532	0.5000	0.5000	0.5000	0.0200	-1
92	2.8164	1.2277	2.1946	0.5000	0.5000	0.5000	0.0200	-1
93	3.1505	1.5870	2.3767	0.5000	0.5000	0.5000	0.0200	-1
94	2.5268	2.8324	1.9859	0.5000	0.5000	0.5000	0.0200	-1
95	1.8966	1.6661	2.4910	0.5000	0.5000	0.5000	0.0200	-1
96	2.1982	2.0095	2.4131	0.5000	0.5000	0.5000	0.0200	-1
97	2.5075	1.8491	2.9023	0.5000	0.5000	0.5000	0.0200	-1
98	2.2460	1.9103	3.7812	0.5000	0.5000	0.5000	0.0200	-1
99	1.9260	1.8412	3.4099	0.5000	0.5000	0.5000	0.0200	-1
100	1.8325	2.0877	3.1894	0.5000	0.5000	0.5000	0.0200	-1
