#! FIELDS time x y z sigma_x sigma_y sigma_z height biasf
#! SET multivariate true
1	2.0257	1.9923	0.6959	0.5000	0.5000	0.5000	0.0200	-1
2	1.9953	2.7255	1.7386	0.5000	0.5000	0.5000	0.0200	-1
3	3.2312	2.1989	1.9225	0.5000	0.5000	0.5000	0.0200	-1
4	3.0122	1.9363	1.8420	0.5000	0.5000	0.5000	0.0200	-1
5	3.3575	1.9143	1.9648	0.5000	0.5000	0.5000	0.0200	-1
6	3.0808	2.1834	1.9326	0.5000	0.5000	0.5000	0.0200	-1
7	3.3044	2.0373	2.0821	0.5000	0.5000	0.5000	0.0200	-1
8	3.6332	2.1828	1.9756	0.5000	0.5000	0.5000	0.0200	-1
9	3.6448	2.0620	1.9528	0.5000	0.5000	0.5000	0.0200	-1
10	3.1678	1.9075	1.9376	0.5000	0.5000	0.5000	0.0200	-1
11	3.4996	1.9759	1.9871	0.5000	0.5000	0.5000	0.0200	-1
12	3.0607	2.0254	2.0522	0.5000	0.5000	0.5000	0.0200	-1
13	2.9577	2.0656	2.0587	0.5000	0.5000	0.5000	0.0200	-1
14	2.8513	2.1505	1.9560	0.5000	0.5000	0.5000	0.0200	-1
15	2.9971	2.1008	2.0225	0.5000	0.5000	0.5000	0.0200	-1
16	3.6654	2.0852	1.9648	0.5000	0.5000	0.5000	0.0200	-1
17	3.0875	2.0301	1.9430	0.5000	0.5000	0.5000	0.0200	-1
18	1.8607	1.8730	0.6000	0.5000	0.5000	0.5000	0.0200	-1
19	2.0862	1.8967	0.1104	0.5000	0.5000	0.5000	0.0200	-1
20	1.9873	2.0351	0.4338	0.5000	0.5000	0.5000	0.0200	-1
21	2.0412	1.9710	0.4265	0.5000	0.5000	0.5000	0.0200	-1
22	2.0630	1.9448	0.3832	0.5000	0.5000	0.5000	0.0200	-1
23	1.9922	1.9914	0.5760	0.5000	0.5000	0.5000	0.0200	-1
24	1.8392	2.0373	0.0009	0.5000	0.5000	0.5000	0.0200	-1
25	2.3763	2.6435	1.5877	0.5000	0.5000	0.5000	0.0200	-1
26	3.2115	1.9268	2.1111	0.5000	0.5000	0.5000	0.0200	-1
27	3.3112	1.9216	2.2658	0.5000	0.5000	0.5000	0.0200	-1
28	2.4999	1.8339	1.6001	0.5000	0.5000	0.5000	0.0200	-1
29	3.2748	1.9040	2.0826	0.5000	0.5000	0.5000	0.0200	-1
30	2.2340	2.5105	1.3334	0.5000	0.5000	0.5000	0.0200	-1
31	2.2191	1.7749	0.9996	0.5000	0.5000	0.5000	0.0200	-1
32	1.9399	2.1730	0.6223	0.5000	0.5000	0.5000	0.0200	-1
33	2.0966	2.1034	0.1256	0.5000	0.5000	0.5000	0.0200	-1
34	1.9251	1.9844	0.0602	0.5000	0.5000	0.5000	0.0200	-1
35	1.9858	1.8829	0.0709	0.5000	0.5000	0.5000	0.0200	-1
36	1.8852	2.1701	0.4139	0.5000	0.5000	0.5000	0.0200	-1
37	2.0703	1.2240	1.4721	0.5000	0.5000	0.5000	0.0200	-1
38	2.3870	1.6658	2.4459	0.5000	0.5000	0.5000	0.0200	-1
39	3.3028	1.8403	1.9633	0.5000	0.5000	0.5000	0.0200	-1
40	3.2860	2.0955	1.9060	0.5000	0.5000	0.5000	0.0200	-1
41	2.3017	1.4162	2.4911	0.5000	0.5000	0.5000	0.0200	-1
42	3.6231	2.0010	2.0543	0.5000	0.5000	0.5000	0.0200	-1
43	3.2981	2.0588	2.0828	0.5000	0.5000	0.5000	0.0200	-1
44	2.9440	1.8878	2.0054	0.5000	0.5000	0.5000	0.0200	-1
45	3.8059	2.1199	2.0794	0.5000	0.5000	0.5000	0.0200	-1
46	2.7454	2.5045	2.1220	0.5000	0.5000	0.5000	0.0200	-1
47	2.0295	1.3157	1.3848	0.5000	0.5000	0.5000	0.0200	-1
48	2.0379	2.2265	0.6663	0.5000	0.5000	0.5000	0.0200	-1
49	1.9422	1.9314	0.5431	0.5000	0.5000	0.5000	0.0200	-1
50	1.9265	1.9250	0.1276	0.5000	0.5000	0.5000	0.0200	-1
51	1.8600	2.1422	1.1549	0.5000	0.5000	0.5000	0.0200	-1
52	2.8273	2.3594	1.9088	0.5000	0.5000	0.5000	0.0200	-1
53	2.1142	1.0781	1.8014	0.5000	0.5000	0.5000	0.0200	-1
54	2.1444	1.1959	1.4360	0.5000	0.5000	0.5000	0.0200	-1
55	3.7172	2.0770	2.1328	0.5000	0.5000	0.5000	0.0200	-1
56	3.5870	2.1953	1.9463	0.5000	0.5000	0.5000	0.0200	-1
57	3.5607	2.1333	1.9964	0.5000	0.5000	0.5000	0.0200	-1
58	3.7813	2.0416	1.7770	0.5000	0.5000	0.5000	0.0200	-1
59	2.4256	2.0380	1.3252	0.5000	0.5000	0.5000	0.0200	-1
60	2.5620	1.9181	1.3179	0.5000	0.5000	0.5000	0.0200	-1
61	1.8929	1.1433	1.8206	0.5000	0.5000	0.5000	0.0200	-1
62	1.8333	2.1101	0.5136	0.5000	0.5000	0.5000	0.0200	-1
63	1.7755	2.6859	2.1403	0.5000	0.5000	0.5000	0.0200	-1
64	0.5746	1.9588	2.0558	0.5000	0.5000	0.5000	0.0200	-1
65	0.9426	1.9603	1.7090	0.5000	0.5000	0.5000	0.0200	-1
66	1.0796	1.9473	1.9299	0.5000	0.5000	0.5000	0.0200	-1
67	0.8487	2.1719	2.0229	0.5000	0.5000	0.5000	0.0200	-1
68	0.5404	2.1325	1.9568	0.5000	0.5000	0.5000	0.0200	-1
69	0.6374	1.9602	2.0075	0.5000	0.5000	0.5000	0.0200	-1
70	0.8240	1.9254	1.9266	0.5000	0.5000	0.5000	0.0200	-1
71	0.9972	1.8748	1.8702	0.5000	0.5000	0.5000	0.0200	-1
72	0.3861	2.0736	2.0188	0.5000	0.5000	0.5000	0.0200	-1
73	0.7625	2.0796	1.8529	0.5000	0.5000	0.5000	0.0200	-1
74	1.5421	1.8655	1.5906	0.5000	0.5000	0.5000	0.0200	-1
75	1.7672	2.7466	1.2258	0.5000	0.5000	0.5000	0.0200	-1
76	1.4469	1.7436	1.4754	0.5000	0.5000	0.5000	0.0200	-1
77	1.0773	2.2215	1.9583	0.5000	0.5000	0.5000	0.0200	-1
78	0.9510	2.0659	1.8091	0.5000	0.5000	0.5000	0.0200	-1
79	0.4852	2.0919	1.9522	0.5000	0.5000	0.5000	0.0200	-1
80	0.4278	2.0788	1.9574	0.5000	0.5000	0.5000	0.0200	-1
81	1.2733	1.6575	2.0255	0.5000	0.5000	0.5000	0.0200	-1
82	1.8311	2.0511	3.5638	0.5000	0.5000	0.5000	0.0200	-1
83	1.9562	2.0086	3.5408	0.5000	0.5000	0.5000	0.0200	-1
84	2.0388	2.0181	2.7083	0.5000	0.5000	0.5000	0.0200	-1
85	1.7552	1.9184	3.2250	0.5000	0.5000	0.5000	0.0200	-1
86	2.1223	1.9975	2.9662	0.5000	0.5000	0.5000	0.0200	-1
87	1.7842	1.8399	3.2937	0.5000	0.5000	0.5000	0.0200	-1
88	1.8573	2.4602	1.4115	0.5000	0.5000	0.5000	0.0200	-1
89	1.9323	2.8720	1.4770	0.5000	0.5000	0.5000	0.0200	-1
90	2.7056	2.5924	2.0154	0.5000	0.5000	0.5000	0.0200	-1
91	2.6688	2.4914	2.1849	0.5000	0.5000	0.5000	0.0200	-1
92	2.4223	2.4790	1.2710	0.5000	0.5000	0.5000	0.0200	-1
93	1.9696	2.1546	0.5155	0.5000	0.5000	0.5000	0.0200	-1
94	1.9908	1.8481	0.1984	0.5000	0.5000	0.5000	0.0200	-1
95	2.0253	2.1270	0.0551	0.5000	0.5000	0.5000	0.0200	-1
96	2.0530	2.0949	0.7524	0.5000	0.5000	0.5000	0.0200	-1
97	1.8558	1.8745	0.3454	0.5000	0.5000	0.5000	0.0200	-1
98	2.0811	1.9019	0.6757	0.5000	0.5000	0.5000	0.0200	-1
99	2.1206	1.9936	0.1396	0.5000	0.5000	0.5000	0.0200	-1
100	2.0053	2.0803	0.1631	0.5000	0.5000	0.5000	0.0200	-1
101	1.9548	2.0322	0.0464	0.5000	0.5000	0.5000	0.0200	-1
102	1.8506	2.2873	0.3454	0.5000	0.5000	0.5000	0.0200	-1
103	2.3584	1.2746	1.6233	0.5000	0.5000	0.5000	0.0200	-1
104	3.8198	1.9222	1.9805	0.5000	0.5000	0.5000	0.0200	-1
105	3.4451	1.7525	1.7639	0.5000	0.5000	0.5000	0.0200	-1
106	2.1059	1.6689	1.0098	0.5000	0.5000	0.5000	0.0200	-1
107	2.0393	1.0686	2.3037	0.5000	0.5000	0.5000	0.0200	-1
108	2.2156	1.1272	2.3209	0.5000	0.5000	0.5000	0.0200	-1
109	1.9855	1.9234	3.5483	0.5000	0.5000	0.5000	0.0200	-1
110	1.9500	1.9633	3.5252	0.5000	0.5000	0.5000	0.0200	-1
111	2.0737	1.9721	3.5110	0.5000	0.5000	0.5000	0.0200	-1
112	1.8238	2.0219	3.2145	0.5000	0.5000	0.5000	0.0200	-1
113	2.0277	2.0638	3.5376	0.5000	0.5000	0.5000	0.0200	-1
114	2.0227	2.0318	3.3740	0.5000	0.5000	0.5000	0.0200	-1
115	2.3449	1.9174	3.0477	0.5000	0.5000	0.5000	0.0200	-1
116	2.1290	2.1298	3.3077	0.5000	0.5000	0.5000	0.0200	-1
117	2.7757	1.4563	2.1254	0.5000	0.5000	0.5000	0.0200	-1
118	1.3610	1.8522	1.4407	0.5000	0.5000	0.5000	0.0200	-1
119	0.4074	1.9940	1.8919	0.5000	0.5000	0.5000	0.0200	-1
120	0.3005	2.0363	2.1964	0.5000	0.5000	0.5000	0.0200	-1
121	1.2157	2.0053	1.6943	0.5000	0.5000	0.5000	0.0200	-1
122	0.3307	2.0442	2.0390	0.5000	0.5000	0.5000	0.0200	-1
123	0.2297	2.1065	2.0742	0.5000	0.5000	0.5000	0.0200	-1
124	0.4462	1.9397	2.0700	0.5000	0.5000	0.5000	0.0200	-1
125	1.5579	1.1032	1.6540	0.5000	0.5000	0.5000	0.0200	-1
126	1.6313	1.6166	1.2091	0.5000	0.5000	0.5000	0.0200	-1
127	2.3618	1.4000	1.5892	0.5000	0.5000	0.5000	0.0200	-1
128	1.8210	1.3001	1.7134	0.5000	0.5000	0.5000	0.0200	-1
129	2.2532	1.6554	2.2636	0.5000	0.5000	0.5000	0.0200	-1
130	1.6740	2.8262	1.6274	0.5000	0.5000	0.5000	0.0200	-1
131	1.8501	2.9953	1.7445	0.5000	0.5000	0.5000	0.0200	-1
132	1.8608	2.5536	1.1860	0.5000	0.5000	0.5000	0.0200	-1
133	0.7982	2.0244	2.0835	0.5000	0.5000	0.5000	0.0200	-1
134	0.7829	2.0378	2.0924	0.5000	0.5000	0.5000	0.0200	-1
135	1.9826	1.3651	2.7346	0.5000	0.5000	0.5000	0.0200	-1
136	2.0399	1.3407	2.3710	0.5000	0.5000	0.5000	0.0200	-1
137	1.8752	0.9251	1.7149	0.5000	0.5000	0.5000	0.0200	-1
138	2.2454	1.5085	1.2739	0.5000	0.5000	0.5000	0.0200	-1
139	1.7478	2.5999	1.5058	0.5000	0.5000	0.5000	0.0200	-1
140	3.4555	2.1470	2.0232	0.5000	0.5000	0.5000	0.0200	-1
141	2.0408	2.6134	2.5816	0.5000	0.5000	0.5000	0.0200	-1
142	2.0598	2.5993	1.8481	0.5000	0.5000	0.5000	0.0200	-1
143	0.1796	2.0358	2.0446	0.5000	0.5000	0.5000	0.0200	-1
144	0.2105	2.2711	2.0393	0.5000	0.5000	0.5000	0.0200	-1
145	0.9303	2.1806	1.9039	0.5000	0.5000	0.5000	0.0200	-1
146	0.5116	2.2039	2.1156	0.5000	0.5000	0.5000	0.0200	-1
147	0.1397	1.9677	1.9688	0.5000	0.5000	0.5000	0.0200	-1
148	1.3303	1.9249	2.7001	0.5000	0.5000	0.5000	0.0200	-1
149	1.8835	1.2338	2.3411	0.5000	0.5000	0.5000	0.0200	-1
150	3.8276	1.9960	1.7976	0.5000	0.5000	0.5000	0.0200	-1
