   2.02575   1.99226   0.69587   0.02000   0.50000
   1.99526   2.72551   1.73859   0.02000   0.50000
   3.23119   2.19890   1.92252   0.02000   0.50000
   3.01224   1.93631   1.84200   0.02000   0.50000
   3.35745   1.91429   1.96479   0.02000   0.50000
   3.08079   2.18338   1.93256   0.02000   0.50000
   3.30439   2.03730   2.08214   0.02000   0.50000
   3.63325   2.18283   1.97557   0.02000   0.50000
   3.64476   2.06197   1.95277   0.02000   0.50000
   3.16778   1.90750   1.93758   0.02000   0.50000
   3.49960   1.97585   1.98713   0.02000   0.50000
   3.06069   2.02536   2.05224   0.02000   0.50000
   2.95774   2.06560   2.05865   0.02000   0.50000
   2.85133   2.15048   1.95600   0.02000   0.50000
   2.99705   2.10077   2.02252   0.02000   0.50000
   3.66538   2.08515   1.96484   0.02000   0.50000
   3.08745   2.03015   1.94302   0.02000   0.50000
   1.86070   1.87300   0.60000   0.02000   0.50000
   2.08622   1.89672   0.11040   0.02000   0.50000
   1.98726   2.03514   0.43382   0.02000   0.50000
   2.04121   1.97101   0.42653   0.02000   0.50000
   2.06298   1.94485   0.38317   0.02000   0.50000
   1.99216   1.99141   0.57599   0.02000   0.50000
   1.83920   2.03730   0.00095   0.02000   0.50000
   2.37635   2.64351   1.58771   0.02000   0.50000
   3.21152   1.92680   2.11108   0.02000   0.50000
   3.31115   1.92161   2.26576   0.02000   0.50000
   2.49986   1.83388   1.60009   0.02000   0.50000
   3.27478   1.90400   2.08261   0.02000   0.50000
   2.23398   2.51054   1.33341   0.02000   0.50000
   2.21910   1.77489   0.99960   0.02000   0.50000
   1.93994   2.17302   0.62230   0.02000   0.50000
   2.09662   2.10343   0.12560   0.02000   0.50000
   1.92506   1.98444   0.06018   0.02000   0.50000
   1.98580   1.88292   0.07090   0.02000   0.50000
   1.88521   2.17013   0.41388   0.02000   0.50000
   2.07030   1.22403   1.47208   0.02000   0.50000
   2.38704   1.66575   2.44589   0.02000   0.50000
   3.30279   1.84031   1.96335   0.02000   0.50000
   3.28600   2.09548   1.90599   0.02000   0.50000
   2.30174   1.41622   2.49106   0.02000   0.50000
   3.62311   2.00098   2.05433   0.02000   0.50000
   3.29808   2.05880   2.08277   0.02000   0.50000
   2.94400   1.88782   2.00538   0.02000   0.50000
   3.80593   2.11989   2.07939   0.02000   0.50000
   2.74542   2.50452   2.12202   0.02000   0.50000
   2.02947   1.31568   1.38478   0.02000   0.50000
   2.03787   2.22651   0.66628   0.02000   0.50000
   1.94221   1.93143   0.54307   0.02000   0.50000
   1.92647   1.92497   0.12758   0.02000   0.50000
   1.85998   2.14221   1.15488   0.02000   0.50000
   2.82726   2.35935   1.90877   0.02000   0.50000
   2.11423   1.07806   1.80144   0.02000   0.50000
   2.14441   1.19592   1.43596   0.02000   0.50000
   3.71718   2.07696   2.13279   0.02000   0.50000
   3.58703   2.19527   1.94630   0.02000   0.50000
   3.56068   2.13332   1.99639   0.02000   0.50000
   3.78132   2.04161   1.77699   0.02000   0.50000
   2.42558   2.03801   1.32518   0.02000   0.50000
   2.56204   1.91814   1.31790   0.02000   0.50000
   1.89286   1.14332   1.82059   0.02000   0.50000
   1.83326   2.11010   0.51358   0.02000   0.50000
   1.77551   2.68587   2.14033   0.02000   0.50000
   0.57461   1.95878   2.05584   0.02000   0.50000
   0.94261   1.96026   1.70897   0.02000   0.50000
   1.07958   1.94734   1.92991   0.02000   0.50000
   0.84871   2.17191   2.02289   0.02000   0.50000
   0.54043   2.13246   1.95680   0.02000   0.50000
   0.63745   1.96020   2.00750   0.02000   0.50000
   0.82401   1.92538   1.92658   0.02000   0.50000
   0.99719   1.87477   1.87020   0.02000   0.50000
   0.38609   2.07361   2.01876   0.02000   0.50000
   0.76255   2.07961   1.85288   0.02000   0.50000
   1.54211   1.86550   1.59060   0.02000   0.50000
   1.76721   2.74662   1.22580   0.02000   0.50000
   1.44690   1.74358   1.47540   0.02000   0.50000
   1.07734   2.22150   1.95833   0.02000   0.50000
   0.95105   2.06594   1.80913   0.02000   0.50000
   0.48516   2.09193   1.95219   0.02000   0.50000
   0.42778   2.07879   1.95737   0.02000   0.50000
   1.27335   1.65748   2.02549   0.02000   0.50000
   1.83105   2.05107   3.56384   0.02000   0.50000
   1.95621   2.00858   3.54080   0.02000   0.50000
   2.03881   2.01813   2.70829   0.02000   0.50000
   1.75521   1.91845   3.22496   0.02000   0.50000
   2.12231   1.99753   2.96621   0.02000   0.50000
   1.78421   1.83995   3.29371   0.02000   0.50000
   1.85730   2.46021   1.41145   0.02000   0.50000
   1.93226   2.87197   1.47696   0.02000   0.50000
   2.70563   2.59238   2.01543   0.02000   0.50000
   2.66879   2.49145   2.18491   0.02000   0.50000
   2.42232   2.47899   1.27101   0.02000   0.50000
   1.96959   2.15464   0.51551   0.02000   0.50000
   1.99079   1.84815   0.19843   0.02000   0.50000
   2.02535   2.12702   0.05511   0.02000   0.50000
   2.05305   2.09489   0.75240   0.02000   0.50000
   1.85580   1.87451   0.34544   0.02000   0.50000
   2.08107   1.90193   0.67573   0.02000   0.50000
   2.12063   1.99361   0.13964   0.02000   0.50000
   2.00526   2.08032   0.16308   0.02000   0.50000
   1.95484   2.03220   0.04644   0.02000   0.50000
   1.85057   2.28727   0.34537   0.02000   0.50000
   2.35843   1.27461   1.62329   0.02000   0.50000
   3.81978   1.92217   1.98049   0.02000   0.50000
   3.44505   1.75250   1.76388   0.02000   0.50000
   2.10587   1.66887   1.00978   0.02000   0.50000
   2.03934   1.06863   2.30367   0.02000   0.50000
   2.21563   1.12722   2.32090   0.02000   0.50000
   1.98546   1.92336   3.54832   0.02000   0.50000
   1.95004   1.96331   3.52517   0.02000   0.50000
   2.07368   1.97205   3.51097   0.02000   0.50000
   1.82376   2.02187   3.21451   0.02000   0.50000
   2.02773   2.06377   3.53761   0.02000   0.50000
   2.02274   2.03181   3.37397   0.02000   0.50000
   2.34494   1.91735   3.04767   0.02000   0.50000
   2.12900   2.12980   3.30767   0.02000   0.50000
   2.77570   1.45629   2.12539   0.02000   0.50000
   1.36096   1.85225   1.44069   0.02000   0.50000
   0.40738   1.99401   1.89185   0.02000   0.50000
   0.30051   2.03626   2.19636   0.02000   0.50000
