#! FIELDS time x z sigma_x sigma_z height biasf
#! SET multivariate true
1	3.0270	1.9345	0.5000	0.5000	0.0200	-1
2	2.2332	2.6659	0.5000	0.5000	0.0200	-1
3	2.6163	1.8393	0.5000	0.5000	0.0200	-1
4	1.0278	2.1584	0.5000	0.5000	0.0200	-1
5	2.1028	1.3457	0.5000	0.5000	0.0200	-1
6	0.9011	1.5127	0.5000	0.5000	0.0200	-1
7	3.0368	1.7320	0.5000	0.5000	0.0200	-1
8	0.5569	2.2527	0.5000	0.5000	0.0200	-1
9	2.3767	2.2703	0.5000	0.5000	0.0200	-1
10	2.1053	1.2311	0.5000	0.5000	0.0200	-1
11	1.8979	2.5719	0.5000	0.5000	0.0200	-1
12	1.4860	2.0333	0.5000	0.5000	0.0200	-1
13	2.3821	2.2020	0.5000	0.5000	0.0200	-1
14	0.9479	1.8209	0.5000	0.5000	0.0200	-1
15	1.7471	2.1028	0.5000	0.5000	0.0200	-1
16	2.6548	1.8290	0.5000	0.5000	0.0200	-1
17	2.1903	1.5878	0.5000	0.5000	0.0200	-1
18	2.4124	1.8454	0.5000	0.5000	0.0200	-1
19	2.0633	0.0366	0.5000	0.5000	0.0200	-1
20	3.0968	1.8136	0.5000	0.5000	0.0200	-1
21	1.3634	1.4696	0.5000	0.5000	0.0200	-1
22	2.0328	0.9846	0.5000	0.5000	0.0200	-1
23	3.0379	1.8895	0.5000	0.5000	0.0200	-1
24	2.6675	1.7776	0.5000	0.5000	0.0200	-1
25	2.0891	1.0698	0.5000	0.5000	0.0200	-1
26	2.0528	2.8869	0.5000	0.5000	0.0200	-1
27	1.2175	1.2267	0.5000	0.5000	0.0200	-1
28	1.8810	0.4008	0.5000	0.5000	0.0200	-1
29	1.3688	2.5496	0.5000	0.5000	0.0200	-1
30	1.5834	1.7760	0.5000	0.5000	0.0200	-1
31	1.9699	2.6542	0.5000	0.5000	0.0200	-1
32	1.4110	1.8443	0.5000	0.5000	0.0200	-1
33	1.6900	0.4596	0.5000	0.5000	0.0200	-1
34	1.9191	1.3283	0.5000	0.5000	0.0200	-1
35	0.6932	2.0411	0.5000	0.5000	0.0200	-1
36	-0.0517	2.5306	0.5000	0.5000	0.0200	-1
37	0.5288	1.7795	0.5000	0.5000	0.0200	-1
38	2.3109	1.4926	0.5000	0.5000	0.0200	-1
39	1.8956	0.7516	0.5000	0.5000	0.0200	-1
40	2.0955	3.0807	0.5000	0.5000	0.0200	-1
41	1.9309	0.8242	0.5000	0.5000	0.0200	-1
42	2.1356	2.8012	0.5000	0.5000	0.0200	-1
43	1.7954	3.3718	0.5000	0.5000	0.0200	-1
44	1.0530	2.2881	0.5000	0.5000	0.0200	-1
45	0.8485	2.0832	0.5000	0.5000	0.0200	-1
46	1.2429	2.0212	0.5000	0.5000	0.0200	-1
47	2.5140	2.0330	0.5000	0.5000	0.0200	-1
48	1.8216	1.6387	0.5000	0.5000	0.0200	-1
49	2.5615	1.7284	0.5000	0.5000	0.0200	-1
50	3.0568	2.1105	0.5000	0.5000	0.0200	-1
51	2.7269	1.7392	0.5000	0.5000	0.0200	-1
52	2.5057	2.4961	0.5000	0.5000	0.0200	-1
53	2.5649	2.7915	0.5000	0.5000	0.0200	-1
54	2.2660	2.2767	0.5000	0.5000	0.0200	-1
55	2.7402	2.2544	0.5000	0.5000	0.0200	-1
56	1.7140	1.0887	0.5000	0.5000	0.0200	-1
57	1.5643	1.3304	0.5000	0.5000	0.0200	-1
58	1.8487	1.9350	0.5000	0.5000	0.0200	-1
59	2.4038	1.0705	0.5000	0.5000	0.0200	-1
60	1.6473	2.0093	0.5000	0.5000	0.0200	-1
61	3.0945	2.2707	0.5000	0.5000	0.0200	-1
62	2.4094	1.9951	0.5000	0.5000	0.0200	-1
63	2.2133	1.8771	0.5000	0.5000	0.0200	-1
64	1.8148	1.2740	0.5000	0.5000	0.0200	-1
65	2.2279	1.5307	0.5000	0.5000	0.0200	-1
66	1.7079	1.5741	0.5000	0.5000	0.0200	-1
67	3.0097	1.9769	0.5000	0.5000	0.0200	-1
68	1.9179	0.6276	0.5000	0.5000	0.0200	-1
69	0.8354	1.5806	0.5000	0.5000	0.0200	-1
70	1.3662	1.2431	0.5000	0.5000	0.0200	-1
71	2.1470	0.2589	0.5000	0.5000	0.0200	-1
72	2.0420	0.1961	0.5000	0.5000	0.0200	-1
73	2.6964	1.6889	0.5000	0.5000	0.0200	-1
74	1.3440	1.5513	0.5000	0.5000	0.0200	-1
75	1.6920	0.7559	0.5000	0.5000	0.0200	-1
76	2.9661	1.6326	0.5000	0.5000	0.0200	-1
77	1.5529	1.9467	0.5000	0.5000	0.0200	-1
78	1.6531	2.4732	0.5000	0.5000	0.0200	-1
79	2.0611	3.5665	0.5000	0.5000	0.0200	-1
80	1.9040	1.9898	0.5000	0.5000	0.0200	-1
81	1.5237	0.3542	0.5000	0.5000	0.0200	-1
82	2.3788	2.3921	0.5000	0.5000	0.0200	-1
83	2.1411	0.8517	0.5000	0.5000	0.0200	-1
84	1.8286	0.5535	0.5000	0.5000	0.0200	-1
85	2.5828	1.2976	0.5000	0.5000	0.0200	-1
86	2.1950	0.8445	0.5000	0.5000	0.0200	-1
87	1.5445	2.6733	0.5000	0.5000	0.0200	-1
88	3.3549	2.3891	0.5000	0.5000	0.0200	-1
89	2.9678	2.0100	0.5000	0.5000	0.0200	-1
90	2.0154	2.1646	0.5000	0.5000	0.0200	-1
91	3.1252	1.8532	0.5000	0.5000	0.0200	-1
92	2.8164	2.1946	0.5000	0.5000	0.0200	-1
93	3.1505	2.3767	0.5000	0.5000	0.0200	-1
94	2.5268	1.9859	0.5000	0.5000	0.0200	-1
95	1.8966	2.4910	0.5000	0.5000	0.0200	-1
96	2.1982	2.4131	0.5000	0.5000	0.0200	-1
97	2.5075	2.9023	0.5000	0.5000	0.0200	-1
98	2.2460	3.7812	0.5000	0.5000	0.0200	-1
99	1.9260	3.4099	0.5000	0.5000	0.0200	-1
100	1.8325	3.1894	0.5000	0.5000	0.0200	-1
101	4.9663	1.9345	0.5000	0.5000	0.0200	-1
102	4.1725	2.6659	0.5000	0.5000	0.0200	-1
103	4.5556	1.8393	0.5000	0.5000	0.0200	-1
104	2.9671	2.1584	0.5000	0.5000	0.0200	-1
105	4.0421	1.3457	0.5000	0.5000	0.0200	-1
106	2.8404	1.5127	0.5000	0.5000	0.0200	-1
107	4.9761	1.7320	0.5000	0.5000	0.0200	-1
108	2.4962	2.2527	0.5000	0.5000	0.0200	-1
109	4.3160	2.2703	0.5000	0.5000	0.0200	-1
110	4.0446	1.2311	0.5000	0.5000	0.0200	-1
111	3.8372	2.5719	0.5000	0.5000	0.0200	-1
112	3.4253	2.0333	0.5000	0.5000	0.0200	-1
113	4.3214	2.2020	0.5000	0.5000	0.0200	-1
114	2.8872	1.8209	0.5000	0.5000	0.0200	-1
115	3.6864	2.1028	0.5000	0.5000	0.0200	-1
116	4.5941	1.8290	0.5000	0.5000	0.0200	-1
117	4.1296	1.5878	0.5000	0.5000	0.0200	-1
118	4.3517	1.8454	0.5000	0.5000	0.0200	-1
119	4.0026	0.0366	0.5000	0.5000	0.0200	-1
120	5.0361	1.8136	0.5000	0.5000	0.0200	-1
121	3.3027	1.4696	0.5000	0.5000	0.0200	-1
122	3.9721	0.9846	0.5000	0.5000	0.0200	-1
123	4.9772	1.8895	0.5000	0.5000	0.0200	-1
124	4.6068	1.7776	0.5000	0.5000	0.0200	-1
125	4.0284	1.0698	0.5000	0.5000	0.0200	-1
126	3.9921	2.8869	0.5000	0.5000	0.0200	-1
127	3.1568	1.2267	0.5000	0.5000	0.0200	-1
128	3.8203	0.4008	0.5000	0.5000	0.0200	-1
129	3.3081	2.5496	0.5000	0.5000	0.0200	-1
130	3.5227	1.7760	0.5000	0.5000	0.0200	-1
131	3.9092	2.6542	0.5000	0.5000	0.0200	-1
132	3.3503	1.8443	0.5000	0.5000	0.0200	-1
133	3.6293	0.4596	0.5000	0.5000	0.0200	-1
134	3.8584	1.3283	0.5000	0.5000	0.0200	-1
135	2.6325	2.0411	0.5000	0.5000	0.0200	-1
136	1.8883	2.5306	0.5000	0.5000	0.0200	-1
137	2.4681	1.7795	0.5000	0.5000	0.0200	-1
138	4.2502	1.4926	0.5000	0.5000	0.0200	-1
139	3.8349	0.7516	0.5000	0.5000	0.0200	-1
140	4.0348	3.0807	0.5000	0.5000	0.0200	-1
141	3.8702	0.8242	0.5000	0.5000	0.0200	-1
142	4.0749	2.8012	0.5000	0.5000	0.0200	-1
143	3.7347	3.3718	0.5000	0.5000	0.0200	-1
144	2.9923	2.2881	0.5000	0.5000	0.0200	-1
145	2.7878	2.0832	0.5000	0.5000	0.0200	-1
146	3.1822	2.0212	0.5000	0.5000	0.0200	-1
147	4.4533	2.0330	0.5000	0.5000	0.0200	-1
148	3.7609	1.6387	0.5000	0.5000	0.0200	-1
149	4.5008	1.7284	0.5000	0.5000	0.0200	-1
150	4.9961	2.1105	0.5000	0.5000	0.0200	-1
151	4.6662	1.7392	0.5000	0.5000	0.0200	-1
152	4.4450	2.4961	0.5000	0.5000	0.0200	-1
153	4.5042	2.7915	0.5000	0.5000	0.0200	-1
154	4.2053	2.2767	0.5000	0.5000	0.0200	-1
155	4.6795	2.2544	0.5000	0.5000	0.0200	-1
156	3.6533	1.0887	0.5000	0.5000	0.0200	-1
157	3.5036	1.3304	0.5000	0.5000	0.0200	-1
158	3.7880	1.9350	0.5000	0.5000	0.0200	-1
159	4.3431	1.0705	0.5000	0.5000	0.0200	-1
160	3.5866	2.0093	0.5000	0.5000	0.0200	-1
161	5.0338	2.2707	0.5000	0.5000	0.0200	-1
162	4.3487	1.9951	0.5000	0.5000	0.0200	-1
163	4.1526	1.8771	0.5000	0.5000	0.0200	-1
164	3.7541	1.2740	0.5000	0.5000	0.0200	-1
165	4.1672	1.5307	0.5000	0.5000	0.0200	-1
166	3.6472	1.5741	0.5000	0.5000	0.0200	-1
167	4.9490	1.9769	0.5000	0.5000	0.0200	-1
168	3.8572	0.6276	0.5000	0.5000	0.0200	-1
169	2.7747	1.5806	0.5000	0.5000	0.0200	-1
170	3.3055	1.2431	0.5000	0.5000	0.0200	-1
171	4.0863	0.2589	0.5000	0.5000	0.0200	-1
172	3.9813	0.1961	0.5000	0.5000	0.0200	-1
173	4.6357	1.6889	0.5000	0.5000	0.0200	-1
174	3.2833	1.5513	0.5000	0.5000	0.0200	-1
175	3.6313	0.7559	0.5000	0.5000	0.0200	-1
176	4.9054	1.6326	0.5000	0.5000	0.0200	-1
177	3.4922	1.9467	0.5000	0.5000	0.0200	-1
178	3.5924	2.4732	0.5000	0.5000	0.0200	-1
179	4.0004	3.5665	0.5000	0.5000	0.0200	-1
180	3.8433	1.9898	0.5000	0.5000	0.0200	-1
181	3.4630	0.3542	0.5000	0.5000	0.0200	-1
182	4.3181	2.3921	0.5000	0.5000	0.0200	-1
183	4.0804	0.8517	0.5000	0.5000	0.0200	-1
184	3.7679	0.5535	0.5000	0.5000	0.0200	-1
185	4.5221	1.2976	0.5000	0.5000	0.0200	-1
186	4.1343	0.8445	0.5000	0.5000	0.0200	-1
187	3.4838	2.6733	0.5000	0.5000	0.0200	-1
188	5.2942	2.3891	0.5000	0.5000	0.0200	-1
189	4.9071	2.0100	0.5000	0.5000	0.0200	-1
190	3.9547	2.1646	0.5000	0.5000	0.0200	-1
191	5.0645	1.8532	0.5000	0.5000	0.0200	-1
192	4.7557	2.1946	0.5000	0.5000	0.0200	-1
193	5.0898	2.3767	0.5000	0.5000	0.0200	-1
194	4.4661	1.9859	0.5000	0.5000	0.0200	-1
195	3.8359	2.4910	0.5000	0.5000	0.0200	-1
196	4.1375	2.4131	0.5000	0.5000	0.0200	-1
197	4.4468	2.9023	0.5000	0.5000	0.0200	-1
198	4.1853	3.7812	0.5000	0.5000	0.0200	-1
199	3.8653	3.4099	0.5000	0.5000	0.0200	-1
200	3.7718	3.1894	0.5000	0.5000	0.0200	-1
