   2.71074   1.91341   2.03960   0.02000   0.50000
   0.78516   2.06824   1.56520   0.02000   0.50000
   0.44576   1.74962   1.92702   0.02000   0.50000
   2.54377   1.31968   2.02792   0.02000   0.50000
   2.30858   1.76126   2.20140   0.02000   0.50000
   2.37570   2.10391   2.69328   0.02000   0.50000
   2.68962   2.21880   2.37376   0.02000   0.50000
   1.78848   2.38080   0.66354   0.02000   0.50000
   1.92611   2.22435   0.87811   0.02000   0.50000
   1.84498   1.88564   0.38087   0.02000   0.50000
   1.68454   1.36011   1.41146   0.02000   0.50000
   2.23026   2.10248   1.00037   0.02000   0.50000
   1.49098   2.43712   1.68087   0.02000   0.50000
   0.70794   2.02026   1.87260   0.02000   0.50000
   2.05041   1.77229   3.20631   0.02000   0.50000
   1.80874   1.77584   2.93235   0.02000   0.50000
   1.10019   1.93945   2.11011   0.02000   0.50000
   1.77993   1.68442   1.43801   0.02000   0.50000
   0.30783   1.85379   1.95793   0.02000   0.50000
   0.23682   1.86605   2.29135   0.02000   0.50000
   1.35877   1.36851   1.95307   0.02000   0.50000
   2.36254   1.24773   2.43001   0.02000   0.50000
   2.47016   1.92949   2.05576   0.02000   0.50000
   3.13283   2.02521   2.05314   0.02000   0.50000
   3.12168   2.14120   2.05780   0.02000   0.50000
   3.81107   1.97365   1.81011   0.02000   0.50000
   3.27785   2.25341   1.80848   0.02000   0.50000
   2.78185   1.87036   1.74960   0.02000   0.50000
   2.11282   2.05372   1.35223   0.02000   0.50000
   0.76398   2.17649   2.17095   0.02000   0.50000
   0.98130   2.13281   1.55744   0.02000   0.50000
   1.54029   2.79162   1.80752   0.02000   0.50000
   1.32753   2.37611   1.70136   0.02000   0.50000
   2.34748   1.91921   2.21585   0.02000   0.50000
   1.39645   1.38300   1.59415   0.02000   0.50000
   1.99714   2.32150   2.43774   0.02000   0.50000
   2.29336   1.76908   2.59358   0.02000   0.50000
   2.05295   2.24998   1.17583   0.02000   0.50000
   1.87706   1.46621   1.14570   0.02000   0.50000
   1.45571   2.33109   1.47899   0.02000   0.50000
   2.20798   2.59860   1.29167   0.02000   0.50000
   3.10905   1.92013   2.21175   0.02000   0.50000
   1.87566   1.75385   0.47738   0.02000   0.50000
   1.37191   1.55997   1.48416   0.02000   0.50000
   3.15570   2.02223   2.02600   0.02000   0.50000
   3.81800   1.90016   1.94008   0.02000   0.50000
   3.01466   1.88928   2.12547   0.02000   0.50000
   3.67375   1.96820   2.06708   0.02000   0.50000
   2.62227   2.50805   2.23541   0.02000   0.50000
   1.77388   2.24511   0.35157   0.02000   0.50000
   1.78477   1.97172   0.75781   0.02000   0.50000
   2.21446   2.23036   0.72320   0.02000   0.50000
   1.94360   2.07669   0.37428   0.02000   0.50000
   2.56021   1.95953   0.95438   0.02000   0.50000
   2.04659   1.98212   3.58291   0.02000   0.50000
   1.71330   2.44400   2.60044   0.02000   0.50000
   1.82992   1.32530   1.41576   0.02000   0.50000
   1.70901   2.01472   2.14801   0.02000   0.50000
   2.12639   2.16921   3.49647   0.02000   0.50000
   2.96633   1.87648   1.52647   0.02000   0.50000
   1.78096   1.69648   0.67255   0.02000   0.50000
   2.18964   2.37735   1.95341   0.02000   0.50000
   2.33240   2.01587   1.76911   0.02000   0.50000
   2.14980   1.92680   0.06777   0.02000   0.50000
   2.62557   1.62784   1.13541   0.02000   0.50000
   2.40928   1.98511   2.44058   0.02000   0.50000
   2.00521   1.05004   1.90178   0.02000   0.50000
   1.75378   2.46533   1.13450   0.02000   0.50000
   1.87351   2.29738   1.44483   0.02000   0.50000
   1.58420   2.62081   2.51159   0.02000   0.50000
   1.89661   2.16530   3.64586   0.02000   0.50000
   1.22288   1.25814   1.59529   0.02000   0.50000
   2.96006   1.95021   1.95172   0.02000   0.50000
   2.66155   2.19661   1.79201   0.02000   0.50000
   1.88802   1.81238   0.34107   0.02000   0.50000
   1.13708   1.72351   2.04825   0.02000   0.50000
   1.99595   2.43254   1.65329   0.02000   0.50000
   2.05973   1.96114   3.62999   0.02000   0.50000
   2.26236   1.88256   3.77178   0.02000   0.50000
   2.71484   1.77840   1.84885   0.02000   0.50000
   0.16275   1.82743   1.81512   0.02000   0.50000
   0.22313   2.27673   1.91362   0.02000   0.50000
   1.60374   1.97050   1.08319   0.02000   0.50000
   1.55748   1.31533   1.40518   0.02000   0.50000
   1.84421   1.25399   2.13406   0.02000   0.50000
   0.96830   2.00025   2.34404   0.02000   0.50000
   1.38390   1.96097   1.65918   0.02000   0.50000
   2.12743   2.00345   3.44041   0.02000   0.50000
   1.91408   2.33064   3.11863   0.02000   0.50000
   2.20214   2.27362   3.20275   0.02000   0.50000
   1.90203   3.26655   1.66111   0.02000   0.50000
   2.14979   2.40669   2.28152   0.02000   0.50000
   1.61300   1.89717   0.60587   0.02000   0.50000
   1.95257   1.42162   1.18304   0.02000   0.50000
   1.89237   1.83191   0.69452   0.02000   0.50000
   1.62047   1.66089   0.86826   0.02000   0.50000
   1.84914   1.75584  -0.06643   0.02000   0.50000
   2.54726   1.99961   1.45747   0.02000   0.50000
   2.88589   1.60526   1.72238   0.02000   0.50000
   2.19990   3.03324   2.29441   0.02000   0.50000
