#! FIELDS time x y z sigma_x sigma_y sigma_z height biasf
#! SET multivariate true
1	1.8583	2.0882	3.5727	0.5000	0.5000	0.5000	0.0200	-1
2	2.0051	2.0246	3.5327	0.5000	0.5000	0.5000	0.0200	-1
3	1.8850	2.0459	3.7343	0.5000	0.5000	0.5000	0.0200	-1
4	2.0000	2.1282	3.5897	0.5000	0.5000	0.5000	0.0200	-1
5	1.9412	2.1145	3.4917	0.5000	0.5000	0.5000	0.0200	-1
6	1.8763	2.0455	3.6182	0.5000	0.5000	0.5000	0.0200	-1
7	1.9911	2.0472	3.7603	0.5000	0.5000	0.5000	0.0200	-1
8	1.8378	2.1193	3.6447	0.5000	0.5000	0.5000	0.0200	-1
9	1.8791	2.0782	3.4263	0.5000	0.5000	0.5000	0.0200	-1
10	1.9613	2.0456	3.7016	0.5000	0.5000	0.5000	0.0200	-1
11	2.0113	2.0657	3.4118	0.5000	0.5000	0.5000	0.0200	-1
12	1.9131	2.0823	3.6049	0.5000	0.5000	0.5000	0.0200	-1
13	1.8842	2.0436	3.5579	0.5000	0.5000	0.5000	0.0200	-1
14	1.8780	2.0811	3.1079	0.5000	0.5000	0.5000	0.0200	-1
15	1.9470	2.0442	3.6727	0.5000	0.5000	0.5000	0.0200	-1
16	1.9758	2.0396	3.6614	0.5000	0.5000	0.5000	0.0200	-1
17	1.9115	2.0526	3.6401	0.5000	0.5000	0.5000	0.0200	-1
18	2.0033	2.1482	2.8151	0.5000	0.5000	0.5000	0.0200	-1
19	3.3104	2.0560	2.0526	0.5000	0.5000	0.5000	0.0200	-1
20	3.2412	2.0411	1.9342	0.5000	0.5000	0.5000	0.0200	-1
21	3.3391	1.9839	1.9639	0.5000	0.5000	0.5000	0.0200	-1
22	3.0572	2.0380	1.8630	0.5000	0.5000	0.5000	0.0200	-1
23	3.0183	1.9942	1.9952	0.5000	0.5000	0.5000	0.0200	-1
24	3.1883	2.0120	1.8927	0.5000	0.5000	0.5000	0.0200	-1
25	3.4456	2.0751	1.8923	0.5000	0.5000	0.5000	0.0200	-1
26	3.5212	2.0213	1.9118	0.5000	0.5000	0.5000	0.0200	-1
27	3.1286	2.1399	1.9390	0.5000	0.5000	0.5000	0.0200	-1
28	2.9251	2.0986	1.7603	0.5000	0.5000	0.5000	0.0200	-1
29	3.1930	2.0719	1.9499	0.5000	0.5000	0.5000	0.0200	-1
30	3.3970	2.1589	2.0057	0.5000	0.5000	0.5000	0.0200	-1
31	3.1201	2.1515	1.8914	0.5000	0.5000	0.5000	0.0200	-1
32	3.1199	1.8890	1.9875	0.5000	0.5000	0.5000	0.0200	-1
33	3.3674	2.0571	1.9694	0.5000	0.5000	0.5000	0.0200	-1
34	2.2428	1.8545	1.4136	0.5000	0.5000	0.5000	0.0200	-1
35	1.9338	2.0645	0.6176	0.5000	0.5000	0.5000	0.0200	-1
36	1.9421	1.9987	0.5947	0.5000	0.5000	0.5000	0.0200	-1
37	1.9133	2.0447	0.6299	0.5000	0.5000	0.5000	0.0200	-1
38	1.9898	2.4926	1.0559	0.5000	0.5000	0.5000	0.0200	-1
39	1.9996	2.0148	0.5641	0.5000	0.5000	0.5000	0.0200	-1
40	2.1042	2.0013	0.5633	0.5000	0.5000	0.5000	0.0200	-1
41	1.9236	2.0453	0.5888	0.5000	0.5000	0.5000	0.0200	-1
42	2.0035	2.0752	0.5713	0.5000	0.5000	0.5000	0.0200	-1
43	1.9626	2.0000	0.3850	0.5000	0.5000	0.5000	0.0200	-1
44	1.9045	2.7567	1.3210	0.5000	0.5000	0.5000	0.0200	-1
45	1.9538	2.5151	1.0750	0.5000	0.5000	0.5000	0.0200	-1
46	1.7276	2.8078	1.5135	0.5000	0.5000	0.5000	0.0200	-1
47	1.9871	2.3793	1.0178	0.5000	0.5000	0.5000	0.0200	-1
48	1.9662	2.0632	1.1268	0.5000	0.5000	0.5000	0.0200	-1
49	1.7470	1.4459	1.3739	0.5000	0.5000	0.5000	0.0200	-1
50	2.0151	1.4021	1.1556	0.5000	0.5000	0.5000	0.0200	-1
51	1.9323	1.4124	1.2288	0.5000	0.5000	0.5000	0.0200	-1
52	1.3570	1.5235	1.7165	0.5000	0.5000	0.5000	0.0200	-1
53	0.6606	2.0684	1.8908	0.5000	0.5000	0.5000	0.0200	-1
54	0.5961	2.0415	2.0010	0.5000	0.5000	0.5000	0.0200	-1
55	0.6589	2.0996	2.0175	0.5000	0.5000	0.5000	0.0200	-1
56	0.4328	2.0153	1.9364	0.5000	0.5000	0.5000	0.0200	-1
57	0.6120	2.0012	2.0124	0.5000	0.5000	0.5000	0.0200	-1
58	0.9590	1.9684	1.7220	0.5000	0.5000	0.5000	0.0200	-1
59	0.6985	1.9602	2.0034	0.5000	0.5000	0.5000	0.0200	-1
60	0.4838	2.0716	2.0154	0.5000	0.5000	0.5000	0.0200	-1
61	0.5453	2.0951	1.9591	0.5000	0.5000	0.5000	0.0200	-1
62	0.5710	2.0087	1.8894	0.5000	0.5000	0.5000	0.0200	-1
63	0.5778	2.1029	1.9279	0.5000	0.5000	0.5000	0.0200	-1
64	0.6478	2.0172	1.9506	0.5000	0.5000	0.5000	0.0200	-1
65	0.5891	2.0458	1.8677	0.5000	0.5000	0.5000	0.0200	-1
66	0.8920	2.3002	1.9612	0.5000	0.5000	0.5000	0.0200	-1
67	0.9188	2.4591	1.9642	0.5000	0.5000	0.5000	0.0200	-1
68	1.0874	2.4510	1.9966	0.5000	0.5000	0.5000	0.0200	-1
69	0.4030	2.0488	2.0024	0.5000	0.5000	0.5000	0.0200	-1
70	0.4775	2.0642	1.9257	0.5000	0.5000	0.5000	0.0200	-1
71	0.2164	1.9990	1.9610	0.5000	0.5000	0.5000	0.0200	-1
72	0.6584	2.0113	1.9824	0.5000	0.5000	0.5000	0.0200	-1
73	0.3157	2.0972	1.9197	0.5000	0.5000	0.5000	0.0200	-1
74	0.3250	2.0789	1.9590	0.5000	0.5000	0.5000	0.0200	-1
75	1.6138	1.5093	1.5860	0.5000	0.5000	0.5000	0.0200	-1
76	1.9934	1.4355	1.3751	0.5000	0.5000	0.5000	0.0200	-1
77	1.9796	2.0701	0.2253	0.5000	0.5000	0.5000	0.0200	-1
78	2.0643	2.1637	0.3868	0.5000	0.5000	0.5000	0.0200	-1
79	1.9455	2.0481	0.3612	0.5000	0.5000	0.5000	0.0200	-1
80	1.9099	2.0115	0.2937	0.5000	0.5000	0.5000	0.0200	-1
81	1.9933	1.9929	0.2365	0.5000	0.5000	0.5000	0.0200	-1
82	2.1242	1.9995	0.3715	0.5000	0.5000	0.5000	0.0200	-1
83	1.9309	2.0172	0.7467	0.5000	0.5000	0.5000	0.0200	-1
84	1.9013	1.8942	0.2749	0.5000	0.5000	0.5000	0.0200	-1
85	1.9933	2.0160	0.0999	0.5000	0.5000	0.5000	0.0200	-1
86	1.5259	1.1258	1.7140	0.5000	0.5000	0.5000	0.0200	-1
87	1.3068	1.2318	1.8993	0.5000	0.5000	0.5000	0.0200	-1
88	1.4765	1.2037	1.7110	0.5000	0.5000	0.5000	0.0200	-1
89	1.5456	1.1147	2.0069	0.5000	0.5000	0.5000	0.0200	-1
90	3.1002	2.0853	2.0320	0.5000	0.5000	0.5000	0.0200	-1
91	3.3126	2.0376	1.9628	0.5000	0.5000	0.5000	0.0200	-1
92	3.3340	2.0181	2.0150	0.5000	0.5000	0.5000	0.0200	-1
93	3.1542	2.0856	1.8906	0.5000	0.5000	0.5000	0.0200	-1
94	2.7393	1.9628	1.8367	0.5000	0.5000	0.5000	0.0200	-1
95	2.6370	1.9140	1.6933	0.5000	0.5000	0.5000	0.0200	-1
96	2.9011	2.0977	1.7779	0.5000	0.5000	0.5000	0.0200	-1
97	2.6598	1.9300	1.7232	0.5000	0.5000	0.5000	0.0200	-1
98	2.5859	2.4677	2.0708	0.5000	0.5000	0.5000	0.0200	-1
99	2.4765	2.4533	2.0752	0.5000	0.5000	0.5000	0.0200	-1
100	3.6641	2.1132	2.0068	0.5000	0.5000	0.5000	0.0200	-1
